14 38.030447732923768 -17.204677966517782 15.901335486039319 37.225840422947378 -17.026180675367733 15.739748119983526 36.377742730749695 -16.839022861745484 15.56801334784654 33.831117195261186 -16.286350779701117 15.031729713572366 30.871780527416281 -15.670242420467428 14.396301528114211 26.061681200731073 -15.384027148475123 13.447182589069504 23.728182317743475 -15.453857932791816 12.984394845221335 20.785833028795807 -15.829403612095319 12.395644483109658 20.26981649132982 -15.78423063895551 12.287606726720206 19.329504016539349 -15.629011598753905 12.081869329229574 18.260488164383943 -15.315535019821411 11.835877797689633 17.461465626026804 -15.158061462185735 11.626112492343715 16.265512899882829 -15.83644407771795 11.123224427287065 15.746994035554163 -17.108933749442045 9.7588951678726943
41 -21.086025868781419 63.689140633914441 -18.727226452066013 -20.768992022868524 63.470725149828034 -18.681285645371581 -19.959202995891705 62.283046147598441 -18.303344747326765 -19.612577710689116 61.423984011430036 -18.025008411583936 -19.316888840064141 60.637415627711881 -17.768913620142659 -18.251894220326246 58.181067253404748 -16.955620466700868 -17.718808288456238 57.167703299600753 -16.600659862881482 -17.291358065779423 56.418617679114938 -16.325953583396938 -16.82306030292397 55.672968194826964 -16.029948639798501 -15.989388912603301 54.485551531802194 -15.499095896166025 -14.679181225328527 52.839566442546875 -14.622698968858288 -14.447997860474047 52.003861062365026 -14.236543584165442 -14.431564737603992 50.639713021150349 -13.874200420338141 -13.834685523609361 49.557264559056719 -13.470425140661689 -13.219123709922185 48.433076376271778 -13.041541202623607 -12.319388694447381 46.953339699106877 -12.407765062835551 -12.224197187654116 45.335209916897881 -11.791330984331125 -11.9736271885763 43.736382927027456 -11.149543768046962 -12.020515271531821 42.75628116272199 -10.827643167267572 -12.015785078634977 42.39146855283991 -10.680352758555944 -11.925843991893704 41.273847249716837 -10.186889003741491 -11.1397720248967 39.873518298303651 -9.3211999557869269 -10.931713077565046 39.347873534793109 -9.0430736343824041 -10.508872897954998 37.430412618983361 -8.209916348326912 -10.325968439216853 35.484514397191653 -7.4869901179478751 -10.222289889966619 33.745224362038492 -6.8496503479238644 -10.282309575745408 32.236231415960418 -6.2722024047005975 -10.355895292166473 30.890599380784952 -5.7588703339341683 -10.10038324547482 29.054714599636508 -5.0705015312701001 -9.0382743132878591 28.263832148934476 -4.6706988715354472 -7.3763307549951227 27.065680515708234 -4.0912364141436592 -6.4271280276469929 25.656199698056454 -3.6293948014775856 -5.8861139103822877 24.948102774620398 -3.3760682373308493 -4.0338449619322061 22.879356906669823 -2.5636339231527008 -2.9245585437383972 21.367610111489128 -2.1159090051707112 -2.2264865421772728 20.400743327979463 -1.8330652205617202 -2.0687408409918993 17.844617990255951 -1.2475144576939341 -1.9126725101068889 15.938554595268625 -0.69924397624582824 -1.0677857374274839 14.907058139581958 -0.010383818565784195 -0.82849577009086506 13.948565676553429 0.85312576485667946 -1.2926238299760953 13.580782016655013 2.2100154191748542
19 -29.543498556276528 -73.759649165051584 -14.671669536298753 -28.951621619729551 -73.054128244661172 -14.335106749981161 -28.683477641339337 -72.662189271250611 -14.144276732516586 -28.175995664263478 -71.811994783287844 -13.734439756886236 -27.672223319062031 -69.960434814076564 -13.015901807204301 -27.135441093392345 -68.122099245134294 -12.383331815606001 -26.861963030481498 -67.678528270876654 -12.230291454840133 -26.517279910230087 -67.269115206813026 -12.090665201188699 -25.99981494297646 -66.78533624381582 -11.941574809470112 -25.237312600559481 -65.895165732950247 -11.722900321384151 -24.907971502968802 -64.411515752067956 -11.505667717394507 -24.148150275879658 -63.38185082415486 -11.28165329605747 -23.251988699091122 -62.770324428533414 -10.903559137704784 -22.692217130757211 -62.019589295989391 -10.204617458951576 -22.106332571591999 -61.108676101641876 -9.498831320270904 -21.876416822455624 -60.774723500615742 -9.2648733794120126 -21.265564222510154 -60.028819482329993 -8.7693168167878355 -20.033211309189308 -58.828985111583769 -7.9842729761552524 -18.335986708118625 -57.525677205980728 -7.1519642429998562
4 -9.5656880265203057 14.766035658656845 4.2339725819955669 -8.6850089917250308 15.098592845625465 4.1942000230615495 -8.0937117912170784 15.285013951163208 4.1532821842590701 -5.7700394537394057 15.812445077666103 3.5651051764994719
15 1.9042665574171038 -35.753695301762363 24.770281844338029 2.370463918253749 -36.995697296509441 24.420526932493679 3.2565974664776021 -39.226722014371568 23.812100183361103 3.3493152022365322 -39.462139750682589 23.746192187583286 3.7970770572801213 -40.604084790018469 23.345107546028292 4.4323160584510193 -41.989446479146473 22.771471927184432 5.0258636876991121 -43.118425423802478 22.257888102817763 5.9311950913088589 -44.286146781973201 21.58159467709277 6.7440706489202364 -45.2278650856735 20.833738685649102 7.4160960885320453 -46.397376684085188 19.441179377678026 7.140410136101405 -47.071331709009364 18.606754507804556 7.1158808756828815 -47.108252549620218 18.519978546612744 6.5140759135569821 -47.607766513512118 15.701982716770829 5.7848842644467471 -47.86337086122596 13.373891927482811 5.630785934533411 -48.331519268881408 10.100177136757802
9 -5.8384502614857068 -35.842315234134922 -6.5969684793341044 -5.5676067040836017 -36.30065526664773 -5.4355011758632195 -5.0063364145599785 -36.443319141794227 -4.674602854013683 -3.9937033035955722 -36.647419889438339 -3.4477250369900005 -3.1864612905421748 -37.119326665244522 -2.2260406130596722 -2.3083284823924637 -36.994458142803566 -1.2230850839611294 -1.2872674624503262 -36.642791124678027 -0.79702754433053724 -0.29214290047279057 -36.86743829350344 -0.33783083842217987 0.48349064445775608 -37.854681891068331 0.23814358792157883
59 37.557864070381285 -150.09905845966964 16.744200011800409 36.809412029624852 -147.85343369393644 16.489479965470974 36.722935477671179 -145.82246978576353 16.280331393859079 36.470259830871349 -144.07463627742365 16.163865181740878 36.106882778688878 -142.22842024277796 16.078356894044845 35.55885851587874 -139.99743801631655 16.019852794089704 35.17819210214639 -138.08908180877455 16.016920343168636 34.987692451933363 -136.93921615278376 16.010321336384376 34.658254445472515 -134.78367610820644 15.976362701166449 34.419504541309799 -133.34551757273169 15.906923385356201 34.027448135825445 -130.41924074399662 15.770490619767138 33.197045852436652 -128.50933679853969 15.81168254766026 32.873311368358607 -127.77833063031964 15.834394328979029 32.477253149551004 -126.75860633904783 15.898911764324998 32.007807649505736 -125.49719774864424 15.976515722660377 31.276696855703612 -123.23694613426568 16.081845826582899 30.560555064323928 -120.04898783456501 15.967775894765202 29.509037747787815 -117.54437196448367 15.665408713251486 28.650011767633242 -115.75571470393108 15.452829469971668 27.733744652691993 -114.23860861866282 15.269417653107269 27.382389203129279 -113.85059058180813 15.218545949844554 26.351059862720749 -113.23261109801331 15.120639145667374 25.609283131691431 -112.48266827769821 15.111002953197305 25.154054439951391 -111.07137063047411 15.046650216687121 24.376833484789827 -107.97149771100979 14.744609798074626 23.959668862496677 -105.82837435845785 14.636939250611169 23.572467911803752 -101.95542279050444 14.610672675325318 23.517791320764417 -100.8665538138781 14.633706327008582 23.49315351005049 -99.838231518059573 14.676962565890221 23.548567655380836 -98.027077447508987 14.824830416623094 22.838727761623744 -95.993071971226911 14.942044901559807 22.336116033669491 -95.115953224698174 14.987805804220477 21.541736717464087 -94.187661844909812 15.028656037448023 20.182756193041172 -92.686266096187367 15.097589810888447 18.479029094898113 -89.763604882924227 15.066594579268871 17.162245731568323 -87.608971903065978 14.765743742226508 16.448739167911313 -86.362101219032425 14.449647993157704 15.392322452887722 -84.234647882876203 13.838284963781209 15.275456964411926 -83.988480128347604 13.76941997445835 14.575187930977032 -81.952333484469136 13.316699828266238 14.345868127149892 -78.215895530967217 12.873162097106665 14.472780134526412 -75.910572096179592 12.830950600067549 14.489881593631114 -75.427548007675369 12.833867297862284 14.358353986605252 -72.959863178084547 12.952702834944747 13.683071363931665 -70.718592753654249 13.029017207951753 13.356573252469817 -69.71726570352331 13.011393179978128 13.07118875324708 -68.798040202186925 12.90741066159641 12.491499003787952 -66.926169029470998 12.686552819152958 12.163906280959226 -65.903221254964549 12.538412102816851 11.678200303699594 -64.578573044476755 12.328175181333879 10.997586797027086 -63.458717141698322 12.151642270515321 8.9501167155932393 -62.26339586017037 11.930265678799712 8.3686774961831691 -61.381646820925113 11.939017447959737 8.409909776391725 -59.346097786119323 11.836574907831542 7.8465416735884164 -57.621500287575714 11.577459872477183 7.7643936125655983 -57.23588166894973 11.502989739565507 7.4978372714703463 -55.28688079800078 11.07171390140566 6.7740662832143856 -52.010837698700342 10.157379122807489 5.630785934533411 -48.331519268881408 10.100177136757802
10 -18.339106238717839 31.655861761742344 16.846359350954884 -17.670235000708228 31.495982788076986 15.065847806536372 -17.195505754160177 31.06173470062669 14.414351011951345 -17.135547509953462 31.065754472592673 14.328892349384271 -16.639804628934247 31.204855543527561 13.576529068092384 -15.113100548268566 31.969192166975184 12.581617572976777 -13.463562192475942 32.17301705562852 11.759915164812961 -11.596446472704894 32.642340856273528 10.384510558556045 -11.002109545882396 32.870505596478246 9.249946130653468 -9.8929736465565377 33.486588711744524 6.9771469808199971
49 -12.484562735566593 -127.61910928016758 -6.7124098098969771 -12.914780992438459 -126.48117063095249 -6.3678696967601738 -13.016221718044367 -126.21306799384165 -6.2851298215350102 -13.81274792422534 -124.10959638643097 -5.6213964012017099 -14.109352999063637 -122.88826720764639 -5.1913655639881204 -14.130530482619164 -121.38622301838559 -4.584860808548056 -13.904920450384576 -120.23768289372758 -4.0881846919586611 -13.377881682380982 -118.87476421578188 -3.4744719516452882 -12.776417171599102 -117.23303079548241 -2.8300569299405667 -12.05896468207561 -114.85425529352359 -2.0114404085893325 -11.878197863161272 -113.36393822957587 -1.5538207618429478 -12.356299638558804 -112.45765071349034 -1.1902132700028123 -13.221721229619217 -112.12087208835507 -0.42758632562068871 -13.404864300112111 -111.35726236620982 0.16033332350830867 -13.4848243352937 -110.08077058300489 0.6413203843965769 -13.2345129452804 -109.37671638287723 1.1310910527837212 -12.796740350820459 -108.37944484344227 1.8697254220548447 -12.603811765307093 -106.54396347531633 2.3231038160379534 -11.735105702767836 -104.29260515973758 2.9540728416134181 -11.53381949472506 -103.83170420287593 3.0843575316304506 -10.980092021119892 -102.74767110298478 3.3933993488524563 -10.092024433469467 -101.31727255631905 3.8187874925769894 -9.7909899056528875 -99.815958254402048 4.1315393060452132 -10.110205524208247 -99.005040010895556 4.2134971001331749 -10.645962259870002 -97.026295019789416 4.466086356474201 -10.570404054072304 -95.790665252868578 4.688118088945437 -10.409147651654274 -95.012312198516199 4.8454030305516032 -9.7698081889364321 -93.22178969636316 5.2251272811958716 -9.1009043378417491 -91.767698225225431 5.4787526024534179 -8.4116450555881865 -89.381387839295499 5.6299257928154951 -8.3387379204172571 -87.270449162349891 5.4610819308857712 -8.2272997349668202 -86.28092602882441 5.3022989610870424 -8.1535112804125855 -85.84590956677647 5.2091849797310026 -7.7920451339356083 -84.260216734477353 4.7694168145772906 -7.4925841623340039 -83.078298882299521 4.4015826281986117 -7.2498245845248475 -82.346875075901465 4.1104746158512047 -6.6320813659393059 -80.7173966805954 3.4328579232191028 -5.7522578983901873 -78.703256788190586 2.5775113173013038 -5.4267712214424924 -77.780981950946625 2.2946605724224978 -5.1536782848682181 -76.723670174883324 2.0685487692274114 -4.6642197195067103 -73.695432855777142 1.6543047872783252 -4.9884957783666444 -72.382526615457465 1.6373163333491423 -6.218668118411923 -70.698811729636176 1.6328615986916204 -7.3560060678068711 -68.397523527872934 1.3521803252960176 -7.8991240684247446 -66.989024395515912 1.0395844897890243 -8.5896347737086067 -65.346968503436287 0.5757334114135918 -10.033984592272834 -63.376062440178814 -0.055977558615998603 -10.437790104045209 -62.846224464769136 -0.22224485711342692 -11.922499733958553 -61.078520692665478 -0.67671876473864734
8 16.725268500855499 -23.69669570829517 13.432894246116224 16.398720121984162 -22.093805630668861 12.797230623984726 16.389044141969659 -21.997670463820747 12.768137896698876 16.277745622028196 -20.162410293886108 12.270780097607529 16.218640140115877 -20.012746318476982 12.231898445440349 15.693232980659594 -18.975642877416817 11.970801336554787 15.395685620314504 -18.105396497373427 11.583899031987281 15.746994035554163 -17.108933749442045 9.7588951678726943
2 5.630785934533411 -48.331519268881408 10.100177136757802 3.271172866840613 -47.856621512128434 7.4552129969093031
12 15.746994035554163 -17.108933749442045 9.7588951678726943 14.92155554801912 -17.307239130988002 8.4333482819936378 14.306707004617534 -17.296284087562974 8.0515778018744815 13.506224762325436 -17.123222773611147 7.6151895455373886 12.986799210471467 -16.972424744024874 7.3266355447040965 11.984810434457859 -16.532959097935688 6.7082114665088781 11.106399514385654 -16.603669293297379 6.2025758914635469 9.8615363901531818 -17.360396121815445 5.4998061441095318 8.8868058701432471 -17.352714028848119 5.0690904174152536 8.1564740731700773 -16.570660577921991 4.5930597714693189 7.5289974192295803 -16.040032488454202 4.1795034439009671 6.1216404331337868 -15.480539678973345 3.1981290398187867
57 3.271172866840613 -47.856621512128434 7.4552129969093031 2.0803649914614577 -51.23902524104215 7.7556637480082919 0.96891827278697273 -53.405601380881066 8.035343265758474 0.51970064781286962 -54.127614398039036 8.0961140995396423 -0.99111832156673119 -56.275139360429797 8.1896689639794928 -1.69531747182467 -57.211966215685855 8.2180662016024772 -2.666884139189555 -58.574534836589564 8.2721734312626438 -3.0665387035152776 -59.991516974319559 8.4947699232007423 -3.1775064454099655 -61.20515660569756 8.7277560572976824 -3.3366968548354978 -62.921899023094127 9.0676107334173892 -3.6717115053016935 -64.993264175754362 9.4815835756256188 -3.9706823469662353 -66.691192629384588 9.8217448421200668 -4.2492999357618473 -67.662650448086282 9.9820951115883219 -4.7475500443144929 -69.044240681431134 10.162703471280173 -5.1401505647994137 -69.891438285741572 10.245167550307178 -6.5683249126550596 -72.387502751315765 10.395821054292465 -7.0999597585066283 -74.303175721863028 10.504890719301082 -7.8416399507860932 -75.693455606045333 10.584598533834553 -8.8252755266489515 -76.362684188731038 10.588435946271264 -10.561431203103394 -76.746772015449096 10.515716707404705 -12.692822869962633 -76.889064071291614 10.389346860844451 -13.692462640575243 -77.734972069155944 10.366878665612587 -13.991234272748203 -78.296275038264795 10.390013465153334 -14.817769626436172 -80.021403185456052 10.474683795732009 -15.24999221896368 -81.157564136641255 10.507734929019405 -15.72874181298323 -83.175863616015533 10.430304895061786 -15.740462485714549 -83.243298350988468 10.426937870575101 -16.842968069071254 -85.133174018604009 10.271532913794356 -17.358935244444194 -86.08608129620805 10.323669783572576 -18.792559317991522 -87.983562039972696 10.264723188729294 -18.826670132911598 -89.448421179044274 10.14328222345071 -18.604470590074737 -90.952652482840136 10.021158748792809 -18.27273309762225 -92.154565147203527 9.9268552367277927 -17.608945905364685 -94.859147416248589 9.7272928366425866 -17.547839477310678 -95.050297595388713 9.7118914065295048 -16.511842896024195 -96.771655207693087 9.528674702445171 -15.733168394038795 -97.992934396045328 9.3594753621107127 -14.954710239682692 -99.842964430330554 9.0506189120661471 -13.733780934173712 -101.71645338124112 8.8883945758671601 -13.268330708744291 -102.43621201806576 8.8365574182154365 -12.693935522600563 -103.51282186970316 8.7906939296575253 -12.193917386788357 -104.58051657656839 8.7536849287664484 -11.876257761342563 -106.02875347771014 8.7226091529462035 -11.595353262991797 -107.37410856096096 8.6914185881549759 -11.750186367558889 -109.3011382572669 8.5359153627981676 -11.892166631702258 -110.1837984397351 8.4380259691815009 -12.772031173003612 -112.96835574678676 7.8906709909628585 -13.247530170312041 -114.47105515255744 7.4608374725525648 -13.414003889927415 -115.50364104349873 7.115701415146015 -13.432271350544776 -116.37739614869167 6.8216023140493078 -13.2925329024456 -117.27574201782119 6.5317126053081038 -13.237482626077737 -117.51717594218037 6.4519837331329315 -13.063632609248794 -118.86912260890553 5.9775869678486089 -13.165333561422031 -120.48872976332477 5.5761067159232001 -13.644742588244425 -122.13540074218567 5.2458797061047031 -13.647588668387373 -122.14613785887184 5.2438490382702687 -13.84233004401899 -122.89476591565565 5.1020314242662081
11 3.271172866840613 -47.856621512128434 7.4552129969093031 2.9490927793908859 -45.219260407003325 6.5622151392869883 2.9932956674922937 -44.709396227597743 6.3992019003322298 3.2302751339337497 -42.971383865558899 5.8568994588441861 3.3146073796873772 -41.029058449791222 5.1569076467321198 3.2953350856471211 -40.399118491857656 4.9044767190575671 3.1435108373352865 -39.369839177484458 4.4181390261047495 2.6374590164280285 -38.410806915234133 3.7482875149298382 2.7220950463755473 -37.445434113446254 3.0059213443132906 3.8310417527083529 -36.933035914282755 2.4330697553824878 4.4335685129055005 -34.954641086204546 1.7766062469868587
103 -9.8929736465565377 33.486588711744524 6.9771469808199971 -8.9486489936413101 35.889402773389861 7.2260407060711671 -8.9305754169126708 37.338095541930457 7.3843471520750459 -8.9403116050769018 37.875340303854486 7.4400799764381986 -9.1006302112408743 38.956899796530799 7.5185810119909915 -9.161329055983364 39.674433349522978 7.6040697727695665 -9.4135323166623923 42.566564309565287 7.9815139744957895 -10.65616438775784 44.613990632300606 8.142026958273874 -11.124450628358373 45.289690626083718 8.179440558427153 -12.328119635934904 46.726984080321238 8.1903628038199798 -14.271416866067334 49.226017605787334 8.2088126184027388 -13.854347303842696 50.534714706140001 8.6887617777009538 -13.117332305050157 51.851504391385532 9.4760968530119811 -13.138909275777303 52.883722007487876 9.8716415232269341 -13.877234935812723 54.921019276893645 10.045172582770197 -14.449280111137011 56.230388417289333 10.037029842970419 -14.845181524373341 57.105902224908604 9.9795305979895907 -15.443145526089982 58.821805210535068 9.898749549822746 -15.846311151540021 61.736744063641886 9.946712941832363 -15.813067697276892 63.439108352986139 10.429564516569737 -15.895143540726529 65.041003127597833 10.963771423285303 -16.926049261267931 66.489151027878648 11.492513842881834 -17.162951170749626 66.8626912826291 11.6307365862128 -18.194461765075999 69.057248667676703 12.460381821733142 -18.770781030639483 71.010799559402699 13.290528075846261 -19.306818523038121 72.321473842265831 13.786910036937597 -19.680802407518623 73.532178365665217 14.149184880780172 -19.730319712959236 75.465422933422857 14.379599968648856 -20.117757972682153 77.295421277012892 14.241696479926263 -20.311189383871231 77.968240730869312 14.176851641256638 -20.521965615206888 78.487463626530555 14.120969217926506 -21.917143498541268 80.641061573558346 13.943866551843081 -22.439361975185147 82.163511426527307 13.925333572151914 -22.941586975251827 84.618813003515953 13.920230968014554 -23.689710135459837 88.901642413541936 13.866926735004482 -24.362266692811911 91.021109338203644 13.800255741842523 -25.071162256601532 92.810390715040597 13.717985161701797 -26.453733571943228 96.046305349147275 13.546869431766932 -27.161963945972616 97.96933283194592 13.425121403077105 -27.333886050741921 98.569586833242909 13.383452079860209 -27.489986148104162 99.787511472771243 13.350203968543022 -28.359847961627295 101.26461852506135 13.356243359397084 -28.336950788643563 102.36185191474564 13.297738803307288 -28.286806841101519 103.31659852966686 13.316602986491093 -28.005768766920578 104.67703071893828 13.320460379051982 -28.397058595993865 105.89786238679226 13.307607198900206 -29.027021888860439 107.5697604310844 13.347240299924856 -29.221660781269751 108.17052900863912 13.395297461428431 -29.823692889901352 109.69555134741911 13.647206874083119 -30.518234043285691 111.35004214721663 13.919904972910688 -31.336365516984557 113.33647460916644 14.278622424894341 -31.753110131957989 114.40622079408334 14.467679399825363 -32.050089163786367 115.5420671908802 14.632723318994968 -32.948113911945477 118.82178817802716 14.970987720078583 -33.651052644423579 120.50339867209634 15.283423132025368 -33.38382340615982 121.85033254145095 15.731456268627147 -33.150285766478149 122.48192284610771 15.94193786750451 -32.839300915845875 123.3916311183186 16.221454102130977 -32.776693587628571 124.29376524417162 16.441405826285589 -33.000705939294903 125.5752965466236 16.752080041168774 -32.501756328348975 127.29126063023109 17.293024627720886 -31.829025621711938 128.25788674967222 17.848391951075826 -30.909416828197244 128.81065176932657 18.701492486008043 -30.258754019932947 129.59102260006452 19.497317712511535 -29.837900578724646 130.43414270618067 20.013955946526561 -29.708816039693495 131.86676040148691 20.270924452388801 -29.278348589637318 133.69612920940955 20.563431201699295 -29.225969034509518 133.94000459691216 20.60197237850328 -29.019854095819838 136.21840543164086 20.877530298594017 -29.058304498672804 138.84339208520726 21.16980622192451 -28.308409734059993 140.55479265061862 21.401930026422725 -27.012692297899914 142.38835010434525 21.708392390341167 -26.976727043162487 142.45371333530983 21.719661291801749 -26.06900854139586 144.18692412099526 22.023259617867076 -25.968772683706277 146.11399019514715 22.34814736179591 -25.739708713687907 147.0918201120345 22.52739067201119 -24.997332713273668 148.27993438800561 22.730206351020115 -23.75429801344929 149.97999927502994 22.961743183136338 -22.647337047912711 152.19111404132346 22.962977106899441 -22.223485954434715 153.84118928337421 22.799107269053714 -22.053645037117104 154.8705283693107 22.659469853460056 -21.436647068461486 156.4995775298278 22.518119333139943 -21.01606040132361 157.96283180091783 22.39237051527898 -20.638998047846464 158.67628575589771 22.417076179697045 -20.242901902646608 159.70252648347449 22.483240423539346 -20.023467680630297 161.80281132205204 22.309964627356131 -20.096009812461062 164.44732181855522 21.89537110221255 -20.583650878812339 167.42398908369989 21.539380281264624 -20.560748829440065 169.14409460575797 21.431899647598264 -20.477544619141209 170.31095906845019 21.38017615658422 -20.36813603017108 171.33470964816081 21.345952611420117 -19.875074765221257 174.10170466698511 21.29092520749316 -19.413551637507631 176.31872764337268 21.204424653828678 -19.249403505789275 177.23762766928485 21.134426457785228 -19.140520481884494 178.22241976341448 21.030344224353211 -19.132723248455047 180.97046386877068 20.637873387052398 -19.282110492326687 183.06162227748504 20.270152583652447 -19.352852756208108 183.73448087013242 20.131050616695301 -19.442367187679913 184.50848508770324 19.961413782214898 -19.612443393651084 186.03095164607254 19.4385542658971 -19.314251582279706 187.33529693629816 19.156190994474684 -19.000888766114915 188.49095566848851 18.953696342444648 -18.766360876691074 189.48811404111777 18.806541751099704
2 -9.8929736465565377 33.486588711744524 6.9771469808199971 -8.3449628184744569 31.840775346889775 5.5829691111794366
10 -5.7700394537394057 15.812445077666103 3.5651051764994719 -6.1496422952232663 17.42399975254331 3.4792669620481274 -6.6718554141348001 20.423540849835884 3.5865351643585242 -6.0134473567717741 23.088062685139661 3.9117458485266048 -6.3490816301661335 24.573223906002006 4.1856686044153113 -7.326837937853961 25.589095178707527 4.5038366202181361 -8.5740163601005239 27.483765975416102 5.1474485440643054 -8.1693616295445128 28.595683346942316 5.4307069417842113 -8.1883708441368981 30.806768404098701 5.6242666961124215 -8.3449628184744569 31.840775346889775 5.5829691111794366
4 -5.7700394537394057 15.812445077666103 3.5651051764994719 -3.3029892506684249 15.097631425225075 2.7531018481844627 -2.7551106092643556 14.838273449297663 2.6172901106738413 -1.2926238299760953 13.580782016655013 2.2100154191748542
5 -1.2926238299760953 13.580782016655013 2.2100154191748542 -1.0989969664263668 11.345662083519374 2.1905540997146118 -1.5673419041259182 9.5125559865409652 1.8367403222325096 -2.8495662674455167 7.4146673952049618 1.1560642218512798 -2.9404671933804494 5.5226817918860736 0.30728848130164144
15 4.4335685129055005 -34.954641086204546 1.7766062469868587 5.1011330744297299 -33.390278611095297 1.9817602062032662 5.9729940978557643 -31.969808751540796 1.9095934928288492 7.0959370958947048 -30.232625515395874 1.7921711018086619 8.1989151638297884 -28.939673918913737 1.5796799010918883 8.1904810358278386 -27.843507036633433 1.5492271428464153 8.3093311521402775 -25.90472010597577 1.8526056971402083 8.1284476668219856 -24.65653145763434 2.0072297137306268 7.6407884847506624 -22.856297912616771 2.1626936047142036 7.8316659133915865 -21.066245267534892 2.4265992260800409 8.1829329404913196 -20.002180679753852 2.5892767345091143 7.5752505300709689 -19.028911659632541 2.5912844398067407 6.9720890038148866 -18.133566642550505 2.6010609733593797 6.279663212330088 -17.129201600330145 2.6154264877079534 6.1216404331337868 -15.480539678973345 3.1981290398187867
3 4.4335685129055005 -34.954641086204546 1.7766062469868587 2.5597524279505728 -36.603649989024341 0.61175253990204903 0.48349064445775608 -37.854681891068331 0.23814358792157883
12 0.48349064445775608 -37.854681891068331 0.23814358792157883 -0.61889739498247653 -39.350786655637116 0.33756419575269192 -1.3758142311712922 -41.055022789156524 0.52534988503828639 -1.4527358977998324 -41.214012712720809 0.53639911318408684 -2.8062362183300151 -42.482022610412358 0.28299698860389438 -3.3282032483259485 -43.267148039113749 0.2202733605255866 -3.4908840652052491 -44.77111900381967 0.34246207217954883 -3.8157170736511818 -45.866649107741438 0.44413409708838764 -4.5692384397014294 -47.488331812262921 0.59575838152879379 -5.8468893262554644 -49.254202391024052 0.66237366779015161 -7.5310371213169622 -50.531716530838168 0.49684241642771992 -8.7650351278146701 -52.352401231550829 -0.50750528733138522
11 -11.922499733958553 -61.078520692665478 -0.67671876473864734 -13.79557760392516 -61.895481691280999 -1.1266078204862877 -14.892266401767856 -63.986675600281743 -1.0463334506369584 -16.200321316706969 -65.577311387587514 -1.0022880592726213 -18.290479463218549 -68.613316528794485 -0.64444233093142578 -19.363114407185421 -69.771564373517208 -0.47166928012604581 -19.836978915545153 -70.238403484041925 -0.39660999406810105 -20.485244577641591 -70.865472442612756 -0.29505628146260326 -22.340307743041894 -72.625843534909336 -0.013791688869867126 -25.125596163780493 -75.10133510170165 0.31574143684274336 -26.467473669885624 -76.234001332229795 0.44177577275639673
6 -11.922499733958553 -61.078520692665478 -0.67671876473864734 -10.967165778172387 -58.02815614404075 -0.16287120259302826 -9.8046881884361756 -56.302417382078126 0.1102838641763185 -9.7191395086553705 -56.162735923654544 0.12716468164979203 -9.038609528932172 -54.641593847255443 0.17785860417243371 -8.7650351278146701 -52.352401231550829 -0.50750528733138522
2 -18.441025549339624 -57.686556329068452 -7.1884617718171242 -18.335986708118625 -57.525677205980728 -7.1519642429998562
99 -8.3449628184744569 31.840775346889775 5.5829691111794366 -7.5204134314572304 32.783911141565525 5.0144832354335254 -6.7701303106222923 34.161947591341146 4.7941924400170555 -5.2728992359611517 35.449842187815563 4.5725920211823645 -4.5971389438262138 36.644196350528198 4.1643690023988968 -4.3108704082432272 37.286857667101629 3.8999214504712252 -3.8797281573934304 38.17409047332837 3.488324214616636 -2.745172155370974 39.942253261742145 2.5467185914548622 -1.8350041723348329 41.849185644291808 1.7863960424739642 -1.087298837427578 42.644950482292543 1.5511152547456266 -0.34595387321249832 43.34051490191306 1.3837852155508672 0.95929813273662479 45.040909188956711 0.9769301041876004 2.5209598980248442 46.722224343390202 0.52511990978983858 3.8844359206899601 48.618837369985748 -0.064820218102587313 5.1727560991331378 49.609655717582839 -0.39076615014146243 6.3054991246926679 50.552290450029339 -0.58941451568460701 6.5650357577757799 50.855617228317428 -0.64122075065555995 7.3414434625921663 52.116271290095632 -0.82489598192145042 6.9252721256242031 53.446463377057356 -1.0546442134599714 7.8507828027022324 55.55548179235759 -1.3883712215679502 8.3424350300617043 56.760910037845086 -1.578332263254012 8.3718232159422445 58.122114232407625 -1.831140596882062 8.3765236330319262 59.941648555126434 -2.1381000987350598 8.4180602240131019 62.646411555113154 -2.5073265970483685 8.5688920182385075 64.993852978713619 -2.7677879387401743 9.3553048838486621 67.755075159622749 -2.9490175334359199 9.5931815760409087 69.009152440317962 -3.0081639453230951 10.041135889068167 71.438328618313719 -3.0156060132851121 9.9301202279058813 73.354694034967565 -3.00207229709219 9.9554844603326131 74.177472476136472 -3.0194135404590794 10.176298722972335 75.509563004052794 -3.0844621719530649 10.676419934955664 77.401243734059818 -3.181145223666114 11.367892138553851 78.998045827011182 -3.2324605648396489 12.051002634495713 80.431190401568415 -3.2709788589444315 13.031573816713165 82.582748935515468 -3.3727839920044915 13.547746609446804 84.10455449726669 -3.551825688966419 14.408375518705469 86.227912422542644 -3.8607842519517477 14.605092853141635 87.774283227537822 -4.2391554593947296 14.494470223912696 90.498569089165912 -4.9060749852633823 14.653622080124938 92.762722663776387 -5.3165487331828238 14.999871685117089 94.563194407297175 -5.6343090620982315 14.75381486467592 96.388752726331688 -5.9901202834346519 15.079700905595169 97.624614002528347 -6.0790705514943184 16.414193469144454 99.903875560741625 -5.9489709667652724 16.934097759011269 101.53456104210154 -5.9922369151340993 17.047761604355777 101.92016416053242 -6.0077950990567626 17.4976753382239 103.38938924804293 -6.1105966260450435 17.668419049167646 104.26436524614112 -6.2424732916404597 17.86917737215613 105.46169888715838 -6.44914404032306 18.643355456226178 106.69128401891622 -6.625094553751997 20.091790149554242 107.78305954444058 -6.6314987372563197 20.848109697776632 108.35494540273632 -6.6482881430859395 21.809644755268753 109.07754150939381 -6.6883180424244486 24.215066374046696 110.66072139729631 -6.8002232050466418 25.333058268512058 111.3769332577407 -6.8502334464727186 26.235912998617906 111.90828033833947 -6.8919986162784612 27.186028997130727 112.46522973740258 -6.9302498001842325 28.637655703223309 113.26760626628062 -6.9379357991700461 30.274417197028573 114.2160185365809 -6.7639781193755333 31.321132651602287 115.15836457657306 -6.7121062007105934 33.348931920741244 116.3436294654725 -6.6880606219178249 34.851744140492052 117.19631963956232 -6.67910391923572 36.501603533970545 118.06915407673425 -6.2056892201835296 37.806621689733504 119.67611189966765 -5.5899420721965862 39.269318509621961 121.59698090314157 -4.8724423979771148 39.746799201056753 122.58579820847153 -4.5725632928556914 40.280985120025626 124.09258039722189 -4.1895495778488687 41.192696737365843 128.11451121311777 -3.4076730261199502 41.237083822665866 130.23780681331087 -3.2555009781025541 40.653597157826319 133.28667856678609 -3.4043159435472767 39.971813220586561 135.92386078690188 -3.4622218466791721 39.459892598581355 138.22497228408088 -3.3641894806333514 39.592573727865634 140.18881023221371 -3.2030032350698079 39.916785055798975 140.99411584475288 -3.1206255726318211 40.359329089541212 141.97908770822158 -3.0173997341665384 41.630166210513174 144.14558838424765 -2.7784213022703863 42.754990549286354 146.69964463271901 -2.5301129292677627 43.356145813134816 148.79906689618477 -2.4015089805561676 43.496610294273367 150.53162263380273 -2.3349253853381335 43.803361915988624 152.29336638612327 -2.0736601102305783 44.507654728089136 153.49708906516699 -1.6242778727725327 45.191131717450212 155.84956781241553 -0.76396929939997815 46.043374745306181 157.73666674467989 -0.0081968355728536876 46.598135972003426 158.25183217458147 0.17888422732921055 47.194092107634752 158.81205322585859 0.36596044375168441 48.132695053156439 159.7573836939689 0.55674601613639707 48.928764607214255 160.59137308704572 0.6759787289551803 49.171847384015351 160.84166783553536 0.70952201069450593 50.639658850000217 162.3173686015212 0.8991828493705899 52.174233125332741 163.82439842001997 1.0488726864909879 53.112514411580619 165.37979745538206 1.3100102632550208 54.671514706484011 166.94453627253853 1.758693456387687 55.821806716967693 168.01705964464776 1.9356105904005838 57.738665596802782 169.85762219341305 2.0415591112944536 58.613396353956851 170.7867390281875 2.0365719989785314 59.538987588177953 171.81506146460711 2.0244096368094575 60.98172442983379 173.82666562949484 1.9691759938961781 61.792191915048029 175.34001837263585 1.9138370090214563 62.533648493444495 177.22197729804546 1.829316034175797
13 6.1216404331337868 -15.480539678973345 3.1981290398187867 4.8794184855242388 -14.575077140574777 2.8965900947881265 3.7328294895575524 -13.042089593232804 2.7759825896283039 3.4856821227814021 -11.676044507904839 2.7637209210441056 3.9108603132454669 -9.7640404607015423 2.7905164937971549 3.76949310147848 -8.2746141425870814 2.6615307455966124 3.582367838791773 -6.8217782968655705 2.4842357916662747 3.0691551668713042 -5.5170871324764006 2.1136259636132513 2.4242930741712003 -4.2051925626482101 1.672897780222971 1.4921425267549386 -2.6034202235362653 1.1197475473615857 -0.26305934282508608 0.087110748454323428 0.31299812423926043 -0.82029957344410742 0.85272074117559082 -0.058235725866638999 -2.9404671933804494 5.5226817918860736 0.30728848130164144
45 -2.9404671933804494 5.5226817918860736 0.30728848130164144 -3.5695187338568783 7.2265749015395251 -1.4675397131769434 -4.1894328394895188 8.9834063614111397 -2.4536654869043653 -5.3133084795725249 10.886953824442495 -3.1932754089730171 -6.1921646022066188 12.974217559554031 -3.6189531326354247 -8.1704161618026667 15.493061673951232 -4.0772024356536765 -9.1996044719529291 18.092743586368002 -4.0976925586965969 -10.357354630020243 19.55515397187294 -3.7808786536028993 -12.20881771081304 20.567550725401041 -3.4051457629864545 -13.44529296333199 20.89138958450992 -3.3363922170802573 -14.778609399356345 21.678518606865389 -3.4649211495333025 -15.675721405093748 22.236032303515447 -3.5580736785302127 -16.261665360756222 22.608625242287275 -3.6233792626994457 -18.247823601117538 23.391706681785355 -3.6515410679904434 -21.267957978287665 24.877111666839578 -2.9302000107358239 -23.838546222359493 26.485759054619585 -2.7146473750073574 -24.101781336880663 26.637404240190563 -2.7094531714006655 -25.912782518769042 27.26147499099536 -2.8900199181617783 -26.859371531997848 28.221055364699371 -3.0002326689582421 -27.926588545519056 29.086696478354312 -3.0462352268532857 -29.1259613616369 30.164584069654719 -3.0506990234054943 -30.359484902856718 31.223747061181772 -3.1344303381913821 -31.329295420495406 32.692321206095173 -3.2240109419920722 -32.470872053926833 33.103030254174634 -3.3240024811982241 -34.165040067296751 32.89467438144635 -3.2556019535261398 -36.10819039021186 33.920056373778486 -3.0281512773901915 -37.353212032181084 34.802339855477207 -2.8715144299126059 -38.452213888896459 35.577742531129772 -2.7412034642323144 -40.820748062779955 36.636226510270546 -2.6423572535020923 -42.566785937561882 37.277638826106077 -2.6479452861342536 -44.135488475980367 37.984224238817497 -2.7138136489887952 -45.882435268017005 38.118787850291525 -2.6567000787915513 -46.005206475862451 38.130777820891858 -2.6499476457956046 -47.731662966624818 38.282577252456583 -2.543883628769307 -49.308294961460547 38.925605074404125 -2.6122346530742897 -50.483707678945045 39.341287873270311 -2.6492036385872972 -51.760687390769853 39.687260470464025 -2.6610366080554035 -53.374536064986408 40.150178001508301 -2.4861091007709319 -54.846571987692009 40.552371333645731 -2.200890926375628 -55.952672028901347 41.03784258562753 -2.0209480104924435 -57.201177523510466 41.690567080487007 -1.8559956817253906 -59.351453899327623 42.472591730447043 -1.6984933196582215 -60.284578399877091 42.625087234515405 -1.6610134194082633 -60.91185471660593 42.75686985741708 -1.6426944389004052 -62.821115652483641 43.282774939161044 -1.6043442904123222
9 -8.7650351278146701 -52.352401231550829 -0.50750528733138522 -9.235473001726298 -52.196413849991799 -2.098302243269663 -10.291195157054904 -52.229617400710801 -3.2331359602175347 -11.781554055487605 -52.164780846923669 -4.012756159856985 -12.677301750795047 -53.090737480591656 -4.4339863894862832 -14.015534435403431 -54.452338495321214 -5.2000018383121889 -15.810774086031229 -55.103691822541492 -6.1012450750706435 -17.278369915076507 -56.070423269219212 -6.7614191078785923 -18.335986708118625 -57.525677205980728 -7.1519642429998562
