4 6504.2995352817434 1394.9069420224796 3780.2501612593551 6480.6311617238516 1395.3704854808959 3796.8570135264358 6471.9727580379431 1395.3403451972481 3802.9489064728009 6452.8266281273554 1396.2605125238972 3816.7300177630914
4 6504.2995352817434 1394.9069420224796 3780.2501612593551 6511.5266900147826 1419.67034912697 3756.0293567471808 6519.822238045801 1430.2086917838167 3741.1302173956324 6524.1630471334056 1448.8852642165107 3718.9843971536775
8 6504.2995352817434 1394.9069420224796 3780.2501612593551 6535.1641781649232 1361.1153120801428 3783.7658056869436 6565.419208528343 1331.4504757295388 3784.0417186507721 6581.3720188999923 1311.68365102081 3778.496446770082 6603.2183551387361 1282.281769232806 3761.7473101551814 6616.7921061202369 1263.4293885405725 3748.5538340593293 6623.1582304278991 1253.7593648059099 3741.0158383697976 6620.2793378309016 1249.8624234461206 3712.5278033013028
2 6452.8266281273554 1396.2605125238972 3816.7300177630914 6400.6869931537121 1389.7869332649082 3847.9537399535056
6 6452.8266281273554 1396.2605125238972 3816.7300177630914 6426.3917199049174 1418.8973520689178 3836.3803984042652 6441.0546955085129 1448.8639966880528 3768.4186627489457 6446.7546324208852 1456.0069682175088 3738.3919286015121 6456.5317497261713 1454.1786727901153 3699.9132253247262 6459.84532882853 1449.2290270631934 3670.0932710345382
16 6400.6869931537121 1389.7869332649082 3847.9537399535056 6378.7430586895025 1355.8697640743846 3855.6206570770519 6379.9617329277562 1327.665067730627 3849.9289513928411 6382.3144277433939 1297.7183276112903 3839.680773304101 6384.3968886231869 1272.0936258223653 3830.161249537216 6399.3499783908701 1250.799290533218 3814.2799494221836 6419.8078333884851 1226.6105110028834 3794.8285366679602 6458.234766015993 1203.8361316148112 3770.1570866652282 6475.1587647445313 1194.7388265896914 3759.7690460005488 6494.7189717601168 1184.9477370281938 3748.1186706504245 6515.0662612915467 1182.0022992364986 3740.1245444502747 6537.4510406548225 1186.9099895344434 3735.4482458143902 6556.1868048019578 1191.921089161546 3731.7951376710248 6570.7774631212524 1196.7318144414319 3729.1438411412514 6597.9437283115867 1224.1902311555757 3723.5574277888318 6620.2793378309016 1249.8624234461206 3712.5278033013028
5 6400.6869931537121 1389.7869332649082 3847.9537399535056 6340.0628965404703 1391.4425476441379 3884.6324334835731 6326.1095634146859 1394.1610084830254 3892.8731287212613 6300.813667274514 1409.2211633768168 3905.1727838749466 6277.1161977133061 1421.5130127626028 3913.3837989102376
33 7756.830366795225 981.25038364369618 3091.927318330404 7772.4546095226033 995.58146715195608 3076.2882305314984 7783.8857769427286 999.37827059555775 3067.8506784067013 7797.3512884179281 1003.509651094048 3058.0623779673315 7814.7990842050458 1007.4830985189825 3046.0511638111361 7829.9867836652656 1018.8780437031463 3034.9874420992492 7836.1102969981466 1024.6295428641881 3030.257114739496 7843.7494999056653 1033.3578678668546 3023.9594459804393 7854.9245931152464 1049.8156488107848 3013.8043128944905 7860.2264034923119 1061.3561893226301 3008.05298577555 7864.5148379965376 1080.9202086129585 3000.8480861052531 7868.8616008261079 1103.0780459781693 2992.957303466248 7862.6298139552009 1111.7534155019173 2994.6804939562562 7850.2831807641714 1124.2158049111051 2999.3352108420522 7843.7467345300802 1130.0613518431085 3002.0026942976315 7829.6923668607915 1140.5225354386141 3008.3225647947274 7827.9555981173253 1141.620073616635 3009.1593016136021 7806.6135219485832 1155.0183481034151 3019.4636791719727 7795.7492128305121 1161.4186028935192 3024.8421448786262 7775.5720907728464 1171.6508266773214 3035.2989466952477 7748.1142505719072 1184.8524497625856 3049.9431938794828 7718.9523765671092 1189.542671207317 3070.6124328955671 7695.4132033788665 1193.6219877958433 3087.8539376097328 7679.055045471926 1196.3215840234752 3100.143036832616 7638.914520438233 1197.5621189157191 3128.0521428586349 7628.0559889853785 1198.2920467604881 3135.6574953309537 7621.0092896892174 1198.5965768511885 3140.516875654022 7613.3445985544367 1199.144133500929 3145.8028364909192 7599.3194967013678 1199.7814380791096 3155.1546815330262 7585.2910640203008 1197.0106910869572 3163.3944104043258 7575.7396828643159 1193.4427493711198 3168.5024440382895 7556.9162881211378 1183.1787017365305 3177.4319510108944 7524.1945683276545 1173.189926615677 3187.1218661812313
5 7756.830366795225 981.25038364369618 3091.927318330404 7756.7254391630131 944.36361494151549 3108.3805658284878 7756.9467159737287 932.99706507379142 3113.3689826927612 7759.9805304682995 927.28462989698062 3114.9971940123655 7763.809233249005 922.37080409057239 3116.2191467351599
17 7756.830366795225 981.25038364369618 3091.927318330404 7732.7154937488604 1000.6326458093479 3097.6309356015186 7708.605240001425 1007.8414947301546 3108.7640808391998 7674.8726666725879 1020.7698240996311 3123.164580885159 7665.8095386013683 1025.5117176589033 3126.8268203481748 7657.6744680975853 1030.8123884160702 3130.0185458436194 7647.156047864024 1038.0818590073893 3134.2713477286729 7636.0964964869981 1046.5254548485216 3138.8263672849212 7619.0665978119623 1062.445497799202 3146.0718282594776 7604.4439668013702 1076.0492160544857 3152.2877467099152 7587.8512257818993 1091.6887403183894 3159.3546116742496 7579.510925255242 1101.8370535152101 3163.184894251382 7572.8606292878103 1110.4962780053481 3166.3192249164772 7568.7017760612644 1115.9259070039579 3168.2815589960887 7560.570900767867 1126.6485770214856 3172.1478270230677 7544.4018534516854 1147.2795714884555 3179.5223749822871 7524.1945683276545 1173.189926615677 3187.1218661812313
8 6472.8623166470243 1364.7370676182682 3544.0258073345572 6506.1270071410609 1345.3523200743355 3562.6722494392993 6537.3542560114256 1330.6362498104709 3581.0550316470594 6550.7217147934161 1326.7521651396858 3588.0711960690737 6558.5580506824535 1324.4158847132217 3592.4300302603856 6570.3288863604594 1320.9454004298138 3599.8600625925465 6589.232908930564 1316.1065863223714 3612.2632397942571 6630.0384308389857 1315.012038111179 3637.8973269133453
10 6472.8623166470243 1364.7370676182682 3544.0258073345572 6464.5258080808026 1409.7125197155651 3545.6325849935665 6455.2997084311219 1415.8228765902793 3556.4779334897012 6445.1144334557457 1425.4125997013793 3582.0085705431843 6433.2285531532743 1436.5005273114625 3611.2278631267609 6431.7885175607607 1439.6214975646383 3622.1667007968117 6431.46699702357 1441.9586678806972 3631.0606177696591 6432.8104550332082 1443.6476744502884 3638.8301428804834 6437.1161991867093 1445.2915713932512 3647.6057318987141 6459.84532882853 1449.2290270631934 3670.0932710345382
9 6472.8623166470243 1364.7370676182682 3544.0258073345572 6437.8062819332536 1375.6843295935234 3524.4659762094207 6418.9268720032496 1380.6276876250113 3514.6562753481339 6382.0159843622241 1387.4921352006343 3497.8217476917234 6363.2478298027572 1390.230793976167 3490.2746823676912 6349.5306240856798 1392.4259151960619 3485.5290509252382 6329.331553501901 1405.131467038545 3489.2810090379635 6314.5001894388015 1419.0340679009337 3493.5043223873563 6297.1580362179502 1432.897305573066 3498.0856396535287
13 6472.8623166470243 1364.7370676182682 3544.0258073345572 6454.6585076290494 1286.3229570993637 3570.4491602883718 6429.7222190970042 1240.6344460016171 3588.9644695858178 6417.365860484103 1228.2153469068671 3592.4746045572115 6395.6044559845977 1206.5643374553317 3598.9354992620333 6376.9938975874975 1191.8623750141053 3598.6104236681117 6361.0084383666226 1180.379205458368 3596.177808865973 6344.896394946958 1170.2452349299442 3589.4090182189511 6325.8858837999142 1158.2599624878808 3581.5560372350892 6312.3825530259155 1150.2634663065057 3573.4618105813474 6292.7152049984215 1138.9391815451268 3560.7353047169722 6288.8633618770918 1134.0908458782953 3556.3610017412743 6280.9648223416752 1117.2534253765357 3544.7399081305912
12 6472.8623166470243 1364.7370676182682 3544.0258073345572 6522.772790624138 1425.0337712836636 3511.9279676225901 6542.5501394210514 1444.563902051686 3502.3520572517177 6565.0760270248411 1463.7476518051621 3496.7236089531216 6584.3872033380658 1479.8283769059017 3492.6104717530748 6601.9619481557056 1494.4873538206534 3488.8599371589025 6612.595335593729 1502.5400497965943 3487.3332382089588 6620.1363614009942 1508.0821097049052 3486.8732984212756 6634.1334887065386 1517.9165586475735 3488.2404435032677 6648.2710431566156 1528.6599254576099 3489.3763112789666 6667.5865890726836 1537.4578631906991 3493.5881157506929 6694.2348797390669 1542.2918988458491 3501.4570617599788
2 6731.8301159335297 1764.5426332755694 3541.2399989900709 6742.867957819466 1746.8116867547942 3534.1228370140834
16 6726.1395180076997 1109.241149790196 3275.8960342894202 6725.7934683324038 1130.9719802898574 3279.7308203644516 6725.8196655474749 1139.0275890581588 3281.4946983208006 6727.0368269337423 1149.2308017111648 3283.7809374041208 6728.9490069725471 1157.0436238788518 3286.0969613282346 6737.2843201012074 1181.8306820852938 3291.1663093567813 6762.7941756271275 1217.2926471624291 3296.9055827338002 6775.0658753390317 1233.1996303165458 3299.7953598960371 6783.0047517862258 1243.2216114614585 3301.8242527018765 6787.2414455754042 1248.5490927785647 3303.1037334616381 6796.5947880503809 1260.1087487578118 3305.9914248234513 6810.2019425177787 1276.9092925209161 3310.3328088448775 6824.3102732232837 1294.1967054428603 3314.9542947616937 6827.8782544654578 1298.7205806111392 3316.0956776001399 6848.4208780150866 1330.6081323593337 3320.2734866547175 6881.820601010364 1350.7717161381124 3324.5663464379363
9 6227.4884028699262 1422.8801830627001 3503.1535255495983 6217.7276231359283 1398.9861373720425 3495.3210157272588 6207.1532042901636 1383.0205934022506 3491.0912666486661 6198.8429454523812 1372.0403687659159 3488.6724360493586 6184.4163476176554 1361.6016340850092 3489.9142391036366 6165.1418436925223 1345.7049873786889 3493.8279088412078 6149.2828959110884 1333.1776029139569 3497.7245893479953 6132.0319986928125 1322.0872528700465 3502.7498005183347 6107.3039101854811 1304.2761742880868 3508.2779458155219
3 6227.4884028699262 1422.8801830627001 3503.1535255495983 6252.7959315743537 1428.0264351742187 3501.9623530730978 6297.1580362179502 1432.897305573066 3498.0856396535287
8 6227.4884028699262 1422.8801830627001 3503.1535255495983 6210.8817566495163 1462.2969347467949 3520.3584676108185 6207.5913938409321 1464.5886081816952 3521.7034196518234 6203.0139532109843 1467.7939916872378 3523.5898537253961 6196.9736694942576 1471.4707151924936 3526.070577916174 6190.80445474726 1472.9765390072828 3528.9268769302848 6173.6272045147789 1474.224797619486 3536.926513898527 6167.7550174282505 1472.0257532707044 3542.8302671783608
10 7388.7538110347068 1259.503803037107 3379.2134338925316 7373.2735568992484 1254.3462164760963 3385.4924977144897 7327.9903359807649 1245.6565965143793 3409.6766749940302 7313.2136812842582 1245.0157035670688 3416.3423930450804 7294.3445601145559 1246.608623364466 3420.7361139458094 7273.849260115021 1250.4948837740801 3421.8352165676088 7247.1480277780092 1259.1270536625623 3415.9954221193252 7224.1931988667793 1267.0720735485347 3410.0742447173047 7204.976643947045 1276.0652708574401 3403.6370772649484 7187.7484364610737 1288.9277431432708 3396.1919983547978
9 7388.7538110347068 1259.503803037107 3379.2134338925316 7405.8263658861861 1291.9544093037871 3398.7354817710402 7419.2034959838275 1311.4285635700094 3403.7146618156426 7422.2998730029103 1320.67780511315 3403.2356555575534 7428.1672647530831 1338.415883971581 3402.7253132584897 7431.7653952635719 1364.6724190687605 3398.6397883115364 7431.2774247420493 1371.8437970611405 3396.5352349477994 7425.9189225638875 1381.5671199607095 3390.4614121138643 7418.5106315628345 1395.4878647422736 3381.8671439529426
12 7388.7538110347068 1259.503803037107 3379.2134338925316 7394.8902286649072 1248.9329431315912 3364.1674602421431 7406.1349864183012 1238.8038029856905 3345.8129647820492 7425.2260559257347 1226.82082842359 3319.3953599846395 7437.2696800759941 1221.712443725826 3303.9168399200857 7453.083805290632 1217.9927244047335 3284.632802400045 7460.6091802789106 1216.4035001141078 3275.6106883065281 7471.8416403938782 1213.3595505804019 3262.0632623590377 7483.34954560194 1208.2543475097698 3247.069342388093 7494.2520955575319 1202.5462408635574 3231.4407670933319 7507.293238777137 1191.6422753251782 3211.9119048540961 7524.1945683276545 1173.189926615677 3187.1218661812313
8 6881.820601010364 1350.7717161381124 3324.5663464379363 6929.1089477739351 1354.1579950332443 3317.4557616575685 6961.5063480976432 1353.6537790836296 3307.8783705453229 6970.1201133120858 1353.5413429306755 3305.2055445330943 6977.6009156033688 1353.3997164057923 3302.9385613576824 6989.117479088136 1353.2130845510737 3299.4498354592133 7006.4163617971381 1352.8723981333467 3294.3088645696953 7027.9843198688695 1352.5229456943011 3288.1079940193781
20 6881.820601010364 1350.7717161381124 3324.5663464379363 6871.5754621221949 1346.9522948022345 3371.388785690553 6867.4206190545592 1350.115938604876 3383.3903597871349 6862.8014796149737 1352.8015792087415 3393.8944194736464 6856.6367017210023 1362.1124849627442 3409.6817006056376 6853.9577635018231 1366.4454344330259 3416.308796273333 6851.5098277138977 1370.5123336708393 3422.0129528995362 6845.8214855653141 1380.1242434901451 3434.1259649019999 6838.43841650171 1393.3096073167176 3440.5044151201296 6825.3793280171249 1414.3809259153579 3447.7317656628297 6815.1790562461965 1430.8375971865562 3453.5827935310667 6802.2508714064752 1451.1600394942288 3460.7270174254845 6786.0992984272289 1469.9678925210578 3468.4313408123053 6773.0040003814584 1482.9440551784683 3475.050329330661 6762.9645795500046 1492.8376245299689 3480.1599947054679 6750.8435018268765 1504.7123371526916 3486.0950570766017 6740.8072448146586 1513.5302885329147 3489.8100886731636 6732.9038472212169 1520.2545686709977 3492.701206657563 6725.2743437219142 1526.4515771612644 3495.6942402120453 6694.2348797390669 1542.2918988458491 3501.4570617599788
10 6881.820601010364 1350.7717161381124 3324.5663464379363 6863.064654952861 1379.9216974149331 3310.7018507341936 6858.1622340209196 1400.5893090143263 3302.0917500238697 6856.0207847034371 1415.2137424532864 3296.490924103804 6838.4921082659803 1453.507617610258 3284.9517122309044 6824.9542650763769 1484.1171868730614 3275.97485154079 6816.3283586150947 1502.6494858968999 3271.2914246673718 6797.6522510924215 1540.9201836422665 3262.4307659371157 6782.7762175468606 1568.2568738129601 3268.2888646636443 6761.396490791888 1598.2343805999037 3282.9044302176044
2 7187.7484364610737 1288.9277431432708 3396.1919983547978 7196.5216554640101 1293.7694976602759 3394.4749872954876
9 7187.7484364610737 1288.9277431432708 3396.1919983547978 7157.4064072021911 1289.5839831272033 3389.5652009891769 7142.2330154273786 1294.1362895059126 3384.1731209359232 7133.6328131974224 1296.4909908177217 3380.9860559024432 7104.5147882889096 1305.8308235232607 3368.3848426597469 7092.4144689839686 1310.3981461851395 3361.7826027751944 7081.9631505942971 1315.3572705788795 3353.7784111971341 7063.904931751581 1324.1746090613872 3339.41140696909 7027.9843198688695 1352.5229456943011 3288.1079940193781
8 6176.5515009233723 1234.0988371722285 3608.4984377481337 6166.3833765450127 1244.3742779294273 3592.9942649490031 6154.5137936385927 1256.4215989483575 3566.5912236126323 6146.6425177854135 1264.5050842061798 3548.8875055944022 6141.3185646131305 1270.1721197273064 3540.2744604929098 6135.0404972289361 1276.3825655494811 3531.0187732419686 6125.0606510916314 1291.0684847065952 3517.5380726721696 6107.3039101854811 1304.2761742880868 3508.2779458155219
26 5792.4941558236569 1037.1124431568683 3432.5180811092659 5806.384133967782 1048.8105677263873 3437.0384178993422 5816.7170961215279 1057.5465063334493 3440.4878274772973 5827.2830627797903 1066.8906182373128 3444.8963522910381 5842.8284559369722 1081.0962947918572 3452.4352764160385 5857.6386108977813 1096.3176222649638 3463.8941597368707 5859.0519583179348 1097.73435983999 3465.1791661850511 5872.0838394316861 1110.2629207017201 3477.8154444315801 5879.7764880249943 1117.2740395815824 3485.093674310644 5890.9868719627993 1126.6628682220519 3494.9203084506676 5903.145315322211 1135.5038816282279 3502.729494845843 5914.7186780991779 1142.5738295733975 3505.9887947899056 5941.8801149088567 1159.7638690457472 3508.4581513616881 5965.5759726824826 1174.7442290820416 3510.3539030043257 5972.6955870042075 1179.3077575575219 3510.9092074029359 5986.2037696743082 1188.5114020995359 3511.0238101917043 5994.5142819227012 1194.4090518609423 3510.9128180635353 6004.1405961638475 1201.3990946232184 3510.5492308959938 6021.3602038797853 1213.7677933330797 3510.048326394427 6033.6008008206654 1223.25165149075 3509.2965526993985 6052.0614728919327 1238.5345041196615 3508.1625119907458 6059.2664584554541 1245.6248154349555 3507.8844527505239 6066.6561574464931 1253.5501788799577 3507.6934448029133 6072.5145209995626 1261.5395057413873 3507.7885527747753 6082.3083568647089 1275.6630068800705 3508.5703420674358 6107.3039101854811 1304.2761742880868 3508.2779458155219
4 7283.7746636376569 1299.9460049138831 3061.1102740858901 7280.4910412567333 1285.4563473707306 3079.9011275210319 7281.1286269043831 1281.8900105318951 3084.9182302074169 7288.0244769871297 1263.2846428621926 3104.8976005413801
15 6107.3039101854811 1304.2761742880868 3508.2779458155219 6088.6250521668089 1313.1380090556877 3511.5351295530982 6068.2124480662587 1335.7399136601675 3521.9739383653155 6039.5146584005188 1350.1314317016374 3540.8058919020891 6024.7192870011495 1356.9013340097392 3550.4235856638729 6014.9110103042449 1361.0206506241436 3557.7843474315209 6007.4991066698203 1364.1092088850207 3563.4362711459275 5994.3928461410515 1369.4875863448931 3573.4767821060941 5985.1710435967043 1372.9257367277821 3580.9621038455953 5974.1402085361651 1376.9864304058365 3589.910280192737 5955.9545796756292 1383.4044695695948 3605.5298053456122 5940.9267543390479 1384.913053204501 3620.1334832159978 5929.7168420528997 1386.156625072882 3630.6867674684249 5915.9336895196393 1387.9446725758098 3647.9720706104486 5889.7372702320463 1390.8642762037489 3663.80026101778
11 5731.8997156862451 1413.5413935739664 3701.8371467118868 5753.0818062456856 1409.243869471019 3687.90840546971 5771.994680184067 1405.6257075782307 3677.0683273923751 5783.6267244261071 1403.4197560388095 3671.9837678058229 5801.2677019008388 1400.5332171146842 3667.3627093519776 5829.0937316564441 1396.9267807952749 3665.3953949316601 5842.5973365513564 1395.3516653077979 3664.2092071993707 5851.8421699219534 1394.368516721833 3662.4810495732077 5862.9029447616767 1393.3139574278318 3661.7046405581746 5869.9626580304721 1392.6499783214188 3661.5700437772975 5889.7372702320463 1390.8642762037489 3663.80026101778
2 5908.4801460389717 1389.8285687321929 3687.3702692298193 5889.7372702320463 1390.8642762037489 3663.80026101778
12 6693.1192708956032 1618.9623117503766 3448.601418177263 6687.8437058357085 1636.832428640882 3408.7932550870223 6684.2620298337679 1644.2522965373953 3389.1556590844707 6683.7446648815876 1648.2109943738355 3369.3822049609789 6683.3445612616115 1651.1718069382309 3357.6899543584877 6685.1044836449419 1652.9337700986528 3341.9463158618164 6692.9666639544103 1647.2410034027075 3334.3492051792769 6701.1518462295298 1641.0817369617289 3327.9972726723968 6705.3971903293186 1637.8679403129543 3324.7492589234521 6717.6218005449628 1628.5936606634675 3315.4484907279571 6731.4080301685235 1618.6752309097749 3305.2500235452794 6761.396490791888 1598.2343805999037 3282.9044302176044
4 6693.1192708956032 1618.9623117503766 3448.601418177263 6693.4136998599397 1590.558788897978 3476.4922342682221 6688.9296936004612 1562.247863027334 3490.0200470452655 6694.2348797390669 1542.2918988458491 3501.4570617599788
8 6693.1192708956032 1618.9623117503766 3448.601418177263 6703.5208635582812 1638.6233947886756 3479.7137827347583 6707.2831094816029 1646.4928270788087 3490.8278529495092 6712.016529664872 1658.5174098337957 3504.5444523200663 6715.6207156818973 1675.380132002037 3512.0446015422785 6720.0282499132627 1692.0665221236329 3517.5620710104872 6724.7743108328723 1710.0599373191442 3523.2712015655757 6742.867957819466 1746.8116867547942 3534.1228370140834
4 6799.9341510996173 1648.9228129919586 3274.1984386660893 6794.9826377491027 1644.6834161914144 3272.38917884696 6777.4395144020355 1629.7264001740036 3269.4202620705223 6761.396490791888 1598.2343805999037 3282.9044302176044
3 6521.7064263448601 1455.6062711144418 3702.9883910578928 6504.1079071794411 1453.9442901517734 3695.8397092183695 6459.84532882853 1449.2290270631934 3670.0932710345382
2 6521.7064263448601 1455.6062711144418 3702.9883910578928 6524.1630471334056 1448.8852642165107 3718.9843971536775
3 6521.7064263448601 1455.6062711144418 3702.9883910578928 6523.6720021479614 1450.2281984825086 3712.2601086487116 6524.1630471334056 1448.8852642165107 3718.9843971536775
4 6799.1335610353362 1779.3278986729617 3541.2160919283424 6788.9321207292032 1776.5625974315558 3541.5507310519047 6775.753568093005 1769.8586970142323 3539.9220573642742 6742.867957819466 1746.8116867547942 3534.1228370140834
3 6329.1113616206503 1483.842488521648 3504.3783043159333 6318.6276292414914 1475.1697439907136 3503.7813203574628 6297.1580362179502 1432.897305573066 3498.0856396535287
2 7158.2178309211749 1344.497546099522 3155.6375861602482 7159.1215397140477 1344.1863770311031 3154.8070895326859
9 7159.1215397140477 1344.1863770311031 3154.8070895326859 7171.4417192670981 1337.108556953174 3144.0947053317691 7184.6104932788176 1324.8830177865111 3134.8974015625354 7193.1132496501496 1319.194675259844 3130.8171942221543 7197.5879313695377 1316.419472019538 3129.05309490944 7212.2505688573901 1308.189156484895 3123.282079463781 7229.9132072091497 1298.1199029643806 3116.4826818693223 7259.7756925001086 1280.6685308835069 3109.9599665378751 7288.0244769871297 1263.2846428621926 3104.8976005413801
10 7159.1215397140477 1344.1863770311031 3154.8070895326859 7144.102994331337 1350.8864270418305 3168.7201082098418 7125.902019043102 1358.7445766353778 3185.7775771387342 7114.3228149775723 1360.1422181619209 3197.7498625895164 7102.1721461919769 1360.8384398299702 3210.6163463052153 7083.6137082246851 1361.6694539771752 3230.4342549649791 7070.6001168191697 1361.267540607191 3244.9610947568367 7060.1891861842596 1359.9542329880403 3256.4495152408113 7040.5496644973236 1356.7508891669297 3274.7899559867492 7027.9843198688695 1352.5229456943011 3288.1079940193781
13 7288.0244769871297 1263.2846428621926 3104.8976005413801 7295.0830352195553 1250.2990538845263 3116.1947238123653 7317.1341298665029 1234.3176657087336 3123.1633064962066 7340.7061223285882 1218.7756185241824 3129.058033419773 7357.4096067083483 1209.4148904294809 3133.2601652536273 7378.794884035211 1197.6986969074248 3138.6591103556293 7386.288993490979 1193.70743146887 3140.5467359984791 7398.4423476416905 1187.886997100866 3143.5614878862521 7417.5440476610975 1181.8358752389749 3147.7602832753214 7453.9508790390119 1180.9373985001164 3162.5525964158669 7470.7741832488828 1179.8035685405757 3169.3813194054401 7492.6881737099138 1178.233266773871 3178.7193377746853 7524.1945683276545 1173.189926615677 3187.1218661812313
14 6694.2348797390669 1542.2918988458491 3501.4570617599788 6705.786111094686 1527.0198308328027 3531.5539579417418 6707.93176640818 1504.3527291976902 3553.2098177312123 6708.6161683669206 1497.2556358255424 3559.6386638893055 6710.7965850631763 1472.5512215497979 3577.5346291410997 6711.7816748016112 1461.6661314420858 3585.3007353983862 6713.2171029979118 1443.8099048334748 3597.1219751745675 6714.5553880874249 1425.874295161407 3608.7924464016128 6714.2825052701446 1405.6434450920974 3620.0905613634923 6714.6803393080954 1378.0306992031817 3635.8731109284204 6699.9300130389001 1351.3357902883477 3646.1766530412669 6674.2503460764528 1331.8011989782306 3647.9707135398698 6668.6418470250564 1328.2503212571737 3648.2479651109388 6630.0384308389857 1315.012038111179 3637.8973269133453
5 6620.2793378309016 1249.8624234461206 3712.5278033013028 6627.1296290703622 1258.0079251424806 3702.5293492087408 6627.618648850691 1276.0609084098892 3680.9897067496127 6627.3974924641143 1289.4412484083014 3665.4214886529426 6630.0384308389857 1315.012038111179 3637.8973269133453
