13 4840.4352568987479 1616.789074894798 886.59540672080311 4840.9487698457015 1618.0781012521018 877.63262869440632 4838.7573431628689 1619.2883036955891 872.30817607803374 4837.7408259979275 1620.0020046117452 868.84845736120826 4836.4346451663423 1620.8248919459552 864.69545539357443 4835.1071848359297 1621.7138803522616 859.98906893668175 4834.9400282505312 1622.365504046177 852.31301587928158 4835.1482798006118 1622.3225407390939 846.78835192953329 4835.3359775511344 1622.2439710450276 844.29158748788655 4835.4521122110282 1621.8388218190048 835.50085672994919 4835.8893715098866 1621.2086438701019 823.58649386466857 4836.5980273036894 1620.1447819606469 811.51604126180177 4837.0138826153279 1619.2230070322025 801.33165921315776
3 4840.4352568987479 1616.789074894798 886.59540672080311 4852.6316891090546 1614.3364836073952 888.34719274041458 4860.5680963682526 1612.2940970842201 891.75391470132365
7 4840.4352568987479 1616.789074894798 886.59540672080311 4832.8906660924085 1617.7373871354685 889.1580336857844 4829.0812719810338 1617.833179522604 892.07201998630001 4821.2968127705226 1618.1138635253953 897.40767383354773 4815.7617393255523 1618.2777438017074 901.25394025242315 4811.8308537330613 1617.8881369948153 905.40027740702669 4800.4115861781083 1615.9485755014198 917.57998088021452
16 4863.5925102712608 1688.4572334226229 1259.6299891025376 4855.5298101887693 1690.6291658517569 1260.8865455463035 4849.6160237578306 1693.9607097873541 1261.689519063051 4847.2554326863374 1697.5856799709345 1261.2940619390445 4845.5168708685696 1700.3275112720694 1260.973350544449 4844.1540789944283 1702.492191318817 1260.7109214888176 4841.842128722079 1706.2622066561096 1260.2172424340843 4840.9168849315229 1707.7911651298978 1260.0094462958996 4838.4626096317688 1712.1092377999523 1259.3261502930707 4836.3621009965536 1715.8241295836783 1258.7332845641495 4831.1471991105373 1729.1404385201561 1255.4491180325947 4828.6027702828715 1738.5034730901511 1251.7726456817281 4829.6840593002335 1746.4869663543552 1246.7253893610616 4830.7196683476814 1754.0791220828421 1241.6989918250497 4832.207070626604 1756.8994472375898 1240.4955757382036 4834.4231936519172 1761.7770305151655 1237.9196600666792
27 4778.4762429410184 1383.7207751530532 977.3892440540501 4778.0472427904297 1389.8362094750821 978.53718575757375 4777.1517282004461 1396.2685927201117 979.09206835293446 4776.3482532011603 1402.537473317348 979.63236094989588 4775.4812770633425 1408.3759513730447 979.26332326113607 4772.9294475971465 1414.9511325904339 978.20152815290919 4772.3757950656754 1416.3845207290835 977.97838650130177 4769.5359175256481 1423.5583774796833 977.20572353553837 4765.9782486694139 1432.724826553004 976.28905425649748 4761.4405437265286 1444.9492488655301 975.2734398178319 4758.6401230309993 1453.251451882229 974.68865404804887 4755.8218716587717 1462.8552620497176 974.22558211015451 4754.6244323653827 1467.032310430091 974.03892141271092 4753.2187718003752 1471.953191414613 973.82209112111184 4752.7111940391997 1473.738203312359 973.74487788863883 4751.2085076387111 1479.0283597381774 973.51706410289989 4750.2111470239161 1482.5468132844369 973.36686027508654 4748.8848064362901 1487.2595758213602 973.17179849696515 4747.9196120075067 1490.6948030415017 973.03087049786848 4746.5845857609975 1495.4903349443023 972.83715099893345 4744.4061115439154 1504.1746130170127 972.52641718972177 4743.6734755370844 1509.3866643659369 972.70330511286738 4742.5332182528045 1518.8706571436585 972.97185984846681 4741.9862092852381 1533.4255470653582 975.89448372697973 4741.5838045689452 1540.5297447651415 977.87259260623955 4741.1274761062787 1545.6337064198494 979.71187058243777 4740.889908148225 1554.461364165144 982.14964763292278
18 4755.7459403293806 1651.3769159273822 1071.4272844800505 4758.9934818759666 1649.7303489444216 1055.0412318436497 4759.6413225516117 1648.8845786703087 1053.3394792287568 4760.2460670924747 1648.1451037843267 1051.7962001960107 4762.488150855851 1646.7426270196302 1046.6758105550962 4765.1278515591821 1644.9313644691058 1040.3853837253796 4766.6363028726209 1643.1760217580968 1035.3161868783629 4768.1763768249239 1641.6242165487643 1030.6284902005088 4769.7236932170463 1636.2520634172615 1018.184858544177 4771.0956489140553 1631.2519906854961 1006.6818866113539 4771.41603563638 1627.5089034801301 998.77014669683615 4769.9365908974623 1625.1138520073659 995.13581170162342 4768.5877041967806 1622.5742767844442 991.22179179317573 4767.6376203137033 1620.687682170885 988.30318210640337 4765.1253098948819 1614.2029108238858 979.81588451069638 4763.933764185259 1607.4411690737531 973.94802424772934 4763.2484249129857 1601.6839695167721 969.56475926783116 4760.9305987206426 1592.7266054484264 965.82831045900821
5 4755.7459403293806 1651.3769159273822 1071.4272844800505 4747.6541423745348 1636.9761184608894 1084.924820495768 4744.8638631509002 1631.148626738581 1088.383673167451 4742.9707076053901 1627.6841120436125 1088.6293483692568 4737.13552526489 1615.5586889931885 1094.1323594177402
16 4755.7459403293806 1651.3769159273822 1071.4272844800505 4756.6848016778586 1662.0753952568655 1081.0651700905416 4759.3970772488883 1673.5734960016555 1082.7109754832129 4762.9341169586723 1689.4324072782056 1081.7265412284594 4766.0476828992469 1697.0859383840825 1077.6264156771315 4768.5656942821388 1703.2519588325008 1074.3166892235877 4770.1554844642105 1707.0159511011823 1072.2818857555917 4772.8001168499923 1712.8945032365857 1069.1232684430033 4776.8149536142637 1719.0811810251059 1065.7742443164768 4780.7280895433805 1723.6886804050137 1064.0559697638689 4786.7721407320305 1730.6800510413384 1061.4615812904026 4790.5034605453247 1734.3938133293886 1060.595485755663 4793.7302993229896 1737.5318510342524 1060.0220479232623 4798.6720098233855 1742.4755150605097 1059.4705680130303 4801.0786894440707 1745.3522518617813 1060.0368669038671 4804.1849269280801 1748.9454690242862 1060.5774805802923
6 4895.1172505041231 1784.2722141881361 1014.961404745711 4890.4781703778963 1780.5131271279545 1014.3573229941425 4884.6600047151269 1776.1275910801166 1013.8706912362704 4877.0561337345716 1772.2264973148242 1014.6969433815422 4861.9665525583969 1765.9891315904847 1018.6175138844965 4853.2929199061118 1759.8760835790999 1020.3683634846135
11 4892.4206757142974 1874.2791065674705 1238.8255722295369 4894.5979363255101 1863.3425560594405 1242.563810079944 4895.6040075827177 1858.3740375361597 1244.5342852132769 4896.2691954851025 1855.0863902645481 1245.9178963136037 4897.6008564593285 1849.7788330599199 1248.4302805866596 4900.2749624244643 1839.971544372469 1253.1158875150691 4900.7316252067594 1832.1170449120225 1255.4661747587293 4900.7091471987796 1826.4371650878682 1256.8358526918416 4900.4488243947671 1817.5018908213258 1258.8740129996822 4899.2393226223958 1809.522895999776 1260.2782298200577 4902.6710055752874 1804.5623806681931 1262.8649775734584
32 4678.7142192173615 1479.5268880803283 1103.260913144391 4680.8990879163948 1481.9761572875746 1105.5371455832794 4685.897213983666 1487.5794296029267 1112.1777865253111 4689.6034580278238 1491.6046964036609 1117.1504665939901 4693.5346159738892 1495.9228204499557 1122.425454162988 4697.401502108878 1500.5516173491108 1128.1315873920346 4699.8852928413044 1503.8032486629647 1131.8433818675378 4701.4717694456976 1506.0072837338973 1134.291902201179 4702.5673952752877 1507.7192515003371 1136.0984855002948 4704.8993518306588 1511.5701460666644 1139.9469727439957 4707.2280941137269 1515.8342452354616 1143.6871282383008 4710.509015132141 1522.0274011821127 1148.8722218777352 4713.526369944263 1528.8934356414634 1153.149179455854 4716.7502828055913 1536.7191361274308 1157.3634048259946 4718.3910054257722 1540.7742585187661 1159.3154201877935 4720.5761104374569 1546.3699422936024 1161.2202475499525 4721.8583310352815 1549.7089682653057 1162.110458140651 4723.5532647497866 1554.4756282831136 1161.8794495355 4725.2389788771479 1559.1311584082514 1161.7527264272976 4726.5777012260878 1562.9653146655696 1161.3591658156015 4728.861369528895 1569.6747976114434 1160.3162822834138 4732.0039143487975 1578.9373399503002 1158.7919563544272 4733.1350571648763 1584.1922442902194 1152.9422020001236 4733.9535100833173 1587.9128765255671 1148.9282228697043 4734.4621631699783 1590.285994462057 1146.2637746450482 4735.1331619946859 1593.4569529981738 1142.6376971926888 4736.1209778937027 1598.554834170958 1136.0527742026341 4737.1771120076219 1605.3978213055145 1124.3687924844646 4737.6863792891972 1608.7236608397109 1118.5109931613295 4737.5920729383815 1609.8117917706979 1114.7690018516612 4737.2299142617157 1611.3438666113491 1107.9697982072942 4737.13552526489 1615.5586889931885 1094.1323594177402
18 4976.4994464490719 1741.6989899223124 1252.7389916150219 4974.0775256675652 1743.3367913749055 1252.6588202561302 4970.6545825861376 1745.6018027826581 1252.6645399275808 4965.2833287951735 1750.1230931028542 1254.1131217484224 4961.3189792383882 1753.5348366087892 1255.3285546755037 4957.6908959401162 1756.5833319056976 1256.117657849135 4952.402229738298 1761.3682053955642 1258.0468553589037 4947.0536826701873 1766.0358254645841 1259.545088214729 4941.4670655109257 1771.5328464922106 1262.1765564531147 4934.1243936694582 1780.3905995574614 1268.2774959320768 4932.216408827574 1782.7742776684117 1269.6818528926485 4929.9428762405723 1785.3721388301444 1270.5719655590776 4926.5199214682216 1789.8895506752272 1272.2457628270718 4923.5476696934811 1792.7629486480346 1271.9556846214743 4920.9421037425336 1794.9235779376374 1271.610097540585 4918.7334708284843 1796.7982254138185 1271.2384124667324 4911.2057903743344 1800.9184253912392 1267.1930863349414 4902.6710055752874 1804.5623806681931 1262.8649775734584
2 4717.0904244581689 1584.6496800967036 1049.1795386756764 4719.082083494266 1587.3987642302945 1044.3976950627784
9 4719.082083494266 1587.3987642302945 1044.3976950627784 4719.4084742959139 1582.3001838842977 1032.8111169669419 4720.7986222150703 1580.4547468601195 1026.9036686548463 4721.7544417198924 1579.0733073138713 1022.463904818855 4723.8538710094799 1576.3055373970553 1013.2648803898879 4729.8998116235916 1569.488363752838 1001.464037049774 4733.3506355089467 1565.5033150202555 994.95666241494519 4735.4257469207514 1563.5461979727434 991.70020641945518 4740.889908148225 1554.461364165144 982.14964763292278
8 4719.082083494266 1587.3987642302945 1044.3976950627784 4720.0318440399669 1591.8699617367199 1052.4490961918632 4722.8297372290326 1598.3184742676831 1060.9252483731475 4728.6009984043758 1606.5470982680401 1074.5610901039092 4730.1084913485756 1608.4068018549926 1077.1547976790853 4731.3790147122872 1609.736797387164 1080.1488919483966 4733.5607435876454 1612.0118741288106 1085.2333378692438 4737.13552526489 1615.5586889931885 1094.1323594177402
4 4868.3136560943076 1751.0928537189795 1006.6186868024234 4866.9726569416716 1753.3378231251115 1008.3953079941385 4863.1299300246537 1755.7131393355894 1012.0246794571771 4853.2929199061118 1759.8760835790999 1020.3683634846135
2 4800.4115861781083 1615.9485755014198 917.57998088021452 4807.9537337894999 1621.6779150752766 910.91963515527289
11 4800.4115861781083 1615.9485755014198 917.57998088021452 4794.6280412277492 1612.1237456068491 923.52560214100151 4790.6277976109604 1610.3531180070008 928.05379117880443 4787.1458798680151 1608.8402294144091 932.03223084227591 4783.1024306121335 1607.0348292858823 936.66488831091874 4778.417181940662 1604.7215882389253 942.21507743061341 4773.8345330857255 1602.1465656764174 948.53767882339389 4770.5573620989435 1599.9334592794901 953.03938190865654 4768.5728932618713 1598.8000087210648 955.99000301479794 4765.7716205562938 1596.335006252586 959.36188730077731 4760.9305987206426 1592.7266054484264 965.82831045900821
16 4902.6710055752874 1804.5623806681931 1262.8649775734584 4892.7312483976029 1799.9229158058292 1259.8963445229931 4889.4019337908649 1797.0804139048253 1259.2135647663119 4885.8862249493068 1793.7256054082161 1258.4820998144687 4877.724790810219 1788.6164684084276 1256.140468756952 4873.6269194983142 1786.3880649720522 1254.8825022368201 4867.2017667905357 1782.667279605005 1252.705463671706 4863.1236363406506 1780.2807890543891 1251.4516960016285 4858.4587196668654 1777.5017525211949 1249.7309349073573 4855.3342560735209 1775.5625039999356 1248.2918467718523 4851.8301707898354 1773.5293351228022 1246.273133508173 4847.4597103634133 1770.9978874981643 1243.7291667927161 4844.5069336724764 1769.17625596733 1242.1263470507067 4842.516274387569 1768.0421670561352 1240.9439503772755 4839.8974670287498 1766.27268888347 1239.687212124654 4834.4231936519172 1761.7770305151655 1237.9196600666792
13 4853.2929199061118 1759.8760835790999 1020.3683634846135 4844.1587402665364 1761.6780801762357 1027.1233121875541 4840.8967642838097 1761.6539912585354 1029.3648736578111 4837.4115287906761 1761.271295113032 1031.7591617886819 4834.1331671011139 1760.7554123687644 1034.0159987132881 4830.4393382427143 1759.7881319162989 1036.6872866390249 4824.7974732275325 1757.776434789813 1040.7668505780543 4821.2795010170648 1756.2023578058484 1043.8601748972483 4819.936222432103 1755.6256757175825 1045.0724029416876 4815.7401861614317 1753.690915029257 1048.8125719467234 4811.975200378808 1752.6689931347207 1053.4652388418397 4805.9562330486388 1750.3470347875295 1059.8476980487981 4804.1849269280801 1748.9454690242862 1060.5774805802923
10 4760.9305987206426 1592.7266054484264 965.82831045900821 4756.9008027772397 1584.3509949515112 967.83402513586918 4755.977542670189 1582.2022969173199 968.52804363467351 4753.9310773482412 1577.6237667534344 970.12399930690333 4752.308111294109 1574.2774301032121 971.5017223413214 4750.9170802128583 1571.9030020567554 972.80567264262515 4748.625977382816 1568.9673153885808 975.19092659435137 4747.2376082317323 1566.6805169772156 976.51570544474521 4744.5471828434347 1561.8134466480153 978.97839056735791 4740.889908148225 1554.461364165144 982.14964763292278
26 4834.4231936519172 1761.7770305151655 1237.9196600666792 4828.0295216721443 1762.1567923429868 1229.6356462412514 4824.860149879024 1762.8327955939242 1224.0869503751055 4822.8881661668083 1763.4085051882821 1220.3654267762313 4818.4753625353806 1764.6170628879624 1212.0913813669429 4815.997888116005 1765.494675375995 1205.1870538160058 4814.3582408827888 1765.9595736678602 1200.8455344021897 4812.1735429875189 1766.6123870150411 1194.9725215018639 4810.3693019132907 1767.283848679037 1189.5431281665658 4808.5027157596078 1768.0111987143532 1183.8294558956757 4807.4183439755279 1768.8035830795627 1177.5487705256112 4805.409939923702 1769.9519179828937 1165.9247285802746 4803.9388939768223 1770.2737937884133 1155.4835586489326 4803.0520235678496 1770.5831545866986 1147.9623572187718 4801.2880081814019 1771.0281621647118 1133.8629842757907 4800.9868221182596 1771.2589479937337 1126.6474860013184 4801.0084499674231 1770.7660792644815 1120.5649045506188 4801.1360645392215 1770.4346595911927 1116.6633568052644 4801.2991782588379 1770.0730602669694 1112.9446562036442 4801.556539711024 1769.5234119371389 1107.1863079789673 4801.7746916071283 1768.4789897931778 1100.634745148257 4803.2971373086257 1766.4272579986932 1092.8932312777963 4804.0307824087722 1764.5672636217425 1087.9956441402801 4805.5753224733107 1759.4758362484197 1075.7605985686309 4805.547936645391 1753.370573617013 1065.3883070544798 4804.1849269280801 1748.9454690242862 1060.5774805802923
