3 2108.2273918693722 7713.7455960863508 7806.9597856584232 2086.2513685840468 7713.7489586351921 7814.343537518077 2066.0030268139067 7710.0075416906566 7815.2383081705602
14 2325.0676701074494 7630.8802111468094 7922.19675648065 2313.8496965676391 7631.5533860067808 7902.0533276300803 2312.2953842294173 7631.7979638181814 7896.6960193975319 2312.1462855472232 7632.0893577513998 7891.8288885330367 2320.9272316558481 7634.3317141016851 7865.8124899880386 2322.2865624979595 7635.092103565803 7859.2718696896072 2323.624404429575 7636.8003829056934 7849.1579207301938 2324.2739837779891 7637.8201784104122 7843.3753000780025 2325.2392796466547 7643.9202426371548 7816.7978198945921 2325.308146105368 7649.7944824158621 7794.1419659122394 2325.0902562136935 7651.2303060839649 7789.5192816968047 2323.7642307843653 7655.8190516316708 7777.156442072438 2324.6723264580819 7660.3859156310546 7762.8137786457628 2325.1026215592451 7664.9376070366188 7749.266408583002
7 2325.0676701074494 7630.8802111468094 7922.19675648065 2296.7347361245152 7629.1904292256841 7931.7457541011781 2287.9962695665222 7628.3236628619352 7939.561038836252 2281.5945826738553 7627.4582394675381 7945.5453498967654 2276.6728858852834 7626.3161192201424 7950.9625797973058 2263.5559990636402 7626.7866075422235 7959.5301954612551 2244.9878507465619 7626.1127972755203 7973.9283636244363
25 2325.0676701074494 7630.8802111468094 7922.19675648065 2346.8282209285471 7632.3045821605701 7924.9241386884005 2356.2922679832936 7637.3567357606544 7926.587199275139 2371.4442468262519 7653.8749481350733 7948.5757755471795 2373.2094645222905 7659.2527020110838 7959.4326318495005 2376.389170863858 7664.6390034119977 7975.2387372564526 2379.3829526417039 7669.1931474173743 7991.8120259314965 2381.5621438339845 7671.5537793141202 8002.6379134899953 2384.1848036037259 7672.5357244206298 8012.2753981050064 2392.0798461985219 7668.8262284769708 8025.1050426289084 2399.0703332809303 7665.3037891075446 8035.5979471826176 2406.3122516115614 7661.5387490546027 8046.0538604650928 2412.0825410304456 7658.4457033012304 8054.0244538428433 2415.8920527217783 7656.1310209706135 8058.236157816481 2420.5295875537108 7653.2200953237225 8063.0532524134596 2426.5395693031887 7649.3823201065234 8069.0499307701648 2431.9342561830672 7644.2955363670026 8076.544267196251 2440.0058275761407 7640.1303675796435 8079.2537415025863 2446.6664744178083 7635.2257397045169 8082.7392953086546 2451.9255799275907 7631.7155469212812 8085.186069712724 2459.3847214678899 7626.8157117685123 8088.5918716486112 2469.5194033448297 7623.8617158283078 8090.4818886213097 2481.4550016406142 7621.0391938607281 8092.2451447560643 2491.8043379484911 7618.9663412511118 8093.5203283988931 2503.7630402223772 7616.825525343419 8094.880349466428
11 1484.4657738633887 7719.4526209822816 7523.8025179156275 1485.3462515385309 7719.0931571311594 7523.7972795485503 1500.5760281354887 7714.2243600002903 7522.8308727619733 1521.1326520929365 7709.6244903653978 7520.5267005005071 1549.1647255956755 7702.6222092242979 7517.5078361808446 1573.2477203467697 7700.3731691767971 7514.7417792222504 1585.5433356763697 7699.2461743535678 7513.327809187841 1595.8142423672143 7699.1997732490836 7512.1399556764591 1605.7944014137729 7699.2774133298617 7510.9582196490255 1607.2289926123256 7699.3161371192618 7510.7818217099439 1638.1995437602607 7707.4559946128529 7507.2871271923896
6 2185.1554717062768 7631.556230284129 8015.2813255214942 2192.6235308038508 7632.78544485988 8006.0431183946757 2201.0780246900367 7631.8980054332142 8000.5654555127621 2214.4018951823004 7630.1873889478011 7992.5655318430991 2215.9281228732302 7632.1842678052026 7987.2000142990846 2210.0763334028238 7642.1020790671855 7972.1699519198619
9 2244.9878507465619 7626.1127972755203 7973.9283636244363 2269.5708119913716 7606.3424596532886 7989.4346179460626 2275.6439579741236 7599.6556522647852 7996.2672984976716 2278.0746926635479 7597.0018076826082 7998.963827124725 2282.4001107394015 7592.244635662837 8003.8183406379121 2286.4845236130964 7585.752818043361 8011.4386099138646 2288.9790857622352 7579.0232504964752 8019.703785585587 2291.5887161795017 7573.035184067654 8026.9077973521289 2295.3809133273389 7562.057173385283 8040.453725508045
3 2244.9878507465619 7626.1127972755203 7973.9283636244363 2229.5410592752614 7634.2583976016494 7971.3078849890271 2210.0763334028238 7642.1020790671855 7972.1699519198619
22 2102.9758066637637 7785.0401116919184 7687.1468105555914 2126.3197984108715 7777.121090910061 7689.3760055979137 2134.0893128553967 7774.8298506053407 7690.1404180197233 2149.9991497066817 7769.0397260222298 7691.559838300137 2159.0501123127169 7764.6225479308541 7692.8476983107039 2167.501550199574 7760.4492333962744 7694.0718646898622 2174.5351005420539 7756.8168066781182 7695.0852397655672 2181.9314433426666 7752.9653661646034 7696.3280690469446 2189.1404564322229 7749.1360868028351 7697.6532680648979 2198.1923149094087 7744.2737743083417 7699.3857742120244 2207.6159086188545 7739.0271760956939 7701.4031915312107 2218.1873996622662 7733.1139382070851 7703.7125946091473 2225.1611531569783 7729.2413965597007 7705.163328221679 2243.6873668084454 7718.2450326199623 7710.5819703150528 2252.1253826805619 7713.0792098224529 7713.4541989304998 2260.1917754372107 7707.8956991228479 7716.8849631202638 2265.0643001508533 7704.5884834483468 7719.4562398024336 2283.1949472448136 7692.252844300875 7729.131980811384 2295.2941500926336 7684.4980380495344 7734.2764085164108 2302.6154045012668 7679.3979969950951 7738.7776587846365 2314.6290544929293 7671.5598147328928 7744.6960947491425 2325.1026215592451 7664.9376070366188 7749.266408583002
16 2102.9758066637637 7785.0401116919184 7687.1468105555914 2096.167700524823 7806.8133329700286 7687.6379255889442 2083.5651015153458 7840.585563995045 7690.5926838683481 2077.2701435606587 7855.223691115385 7692.0016017259013 2072.8625555770618 7865.1227422422917 7692.6540269245115 2069.6977691973111 7871.4738880115628 7693.0206855105325 2055.0088399855208 7904.4646501609304 7694.7836006540729 2049.5263690607835 7919.4860757501974 7694.3735681451417 2042.2624307020963 7942.5396831870394 7692.2967141917579 2042.6431105421402 7961.6135175837262 7686.2628903141949 2046.8041356687506 7967.0861992391556 7683.5249066669976 2060.7077701329836 7986.1387600866301 7674.0496033491927 2064.5547022378983 7990.3595813471093 7672.1142054234588 2074.4166174185948 8000.6669829776156 7667.9761979226623 2079.765290932321 8005.9711410572636 7665.7903351646473 2092.4167446941342 8013.9496797882039 7661.3517184766115
5 2102.9758066637637 7785.0401116919184 7687.1468105555914 2092.3677756785214 7781.7456982295798 7685.7102619550487 2084.753272434134 7777.2671245471711 7684.5283071074145 2077.6441415940799 7771.3188859726724 7683.2018299920674 2063.4910031924792 7759.0792511829468 7680.7871985134525
7 2067.1376020151488 7621.6956992273817 7718.8043489456759 2055.3798945141671 7629.1665008897335 7723.1039184981746 2051.7265966474361 7631.5339388150724 7724.4668309534727 2046.073617970922 7635.482470534751 7726.7722538841908 2029.1381760017912 7650.2535250116853 7735.8677734508537 2025.3889007625021 7655.4025690452163 7739.8870591950199 2026.1755927200315 7671.2132462231048 7741.1330748404453
41 2039.6789400146686 7717.8980409999904 7875.9713287194427 2030.4754801119066 7729.6277581515269 7872.2390336181033 2015.8072769603953 7737.9773914759207 7869.4386540331279 2007.0784575939815 7742.166374709901 7867.5530667813791 2001.4729085802533 7744.2655347858581 7866.4049404068155 1990.1672069571314 7747.8350009625801 7863.9738315742852 1976.7823592754644 7751.3206279635524 7861.1800346376567 1968.5314099132604 7753.4338904507749 7859.4105536609923 1964.4118707187183 7754.4908511013082 7858.5229990092121 1950.8486170969504 7757.9371537358256 7855.5806137796344 1924.604932296842 7764.406223305622 7849.7570375087271 1915.7914539747046 7765.1456455707603 7846.8863607475932 1893.0541805593755 7766.3378522876055 7838.8738160842586 1882.9079461630529 7765.9973084536168 7834.660155137014 1856.8173276312041 7762.4689327197457 7821.9902684219551 1841.4866447435245 7757.084177919819 7811.9975679857771 1831.9735985321215 7752.0154655372326 7804.3752084748639 1825.4549158595103 7747.8052275747732 7798.5489151182455 1818.4076801483695 7743.062495732046 7792.0691871169029 1814.6682304808498 7740.5155619963807 7788.6097264086929 1808.1861278654687 7736.5418292767463 7784.2821181611953 1804.3017280561676 7734.801170023884 7780.7164159500953 1791.5215204541687 7730.0456990583816 7770.4895946676243 1776.5238233103546 7722.6720075110843 7757.2427309773584 1768.234415615402 7719.6241954029047 7749.8798652419591 1757.8137159474998 7717.0862595208673 7740.6252332653612 1743.7043700885527 7714.5151465092267 7727.6890389611453 1733.7316975814051 7715.4180452151222 7715.7394157392264 1728.8501215035778 7716.6392782679104 7707.5970443955594 1722.3828285554066 7718.7143938374957 7695.0032427837932 1720.0799180598362 7721.6537794624519 7681.8658405988581 1718.3943305137707 7723.9525261710987 7668.4027976527823 1719.0686268975085 7726.7263165391923 7656.9558258789566 1720.1996950239227 7729.0232405926727 7646.1624792994517 1720.9436998785375 7730.2050246939152 7640.8363669330911 1722.4714065611088 7732.2441841443033 7632.3557714798235 1724.264575785759 7734.8478084196131 7621.5155905028341 1728.4722697506731 7738.2217396866999 7609.7704488155459 1733.1541187234523 7742.5996449164086 7593.0393024918967 1737.590749322703 7744.707745760159 7583.3640890442921 1742.2440920165516 7748.1547138375963 7562.3040008096777
6 2039.6789400146686 7717.8980409999904 7875.9713287194427 2053.0296658251541 7723.302238823785 7859.4801088277045 2053.6492854765543 7723.192811662545 7857.9417246042358 2059.1021102009627 7719.4505073793434 7839.9429336177172 2061.7722949698336 7716.5941249117413 7829.8256827161003 2066.0030268139067 7710.0075416906566 7815.2383081705602
2 2039.6789400146686 7717.8980409999904 7875.9713287194427 2054.5460824599522 7706.0487021068448 7887.9672204736171
6 2066.0030268139067 7710.0075416906566 7815.2383081705602 2051.9722591192549 7702.7260734775418 7807.0786994659875 2044.665584036489 7696.6731894719915 7799.0185577130615 2031.3885055697131 7684.2379147072834 7782.8832377262861 2028.1736243315956 7678.9885724753576 7775.914832964002 2016.3385425695176 7662.7496415596997 7766.5657545002705
60 2325.1026215592451 7664.9376070366188 7749.266408583002 2340.3791037390974 7661.4626053936463 7738.3359742516741 2362.5925249031438 7654.5470336680792 7727.8894448747405 2374.5764312204719 7651.7120588196412 7719.9018795303673 2383.2309819580742 7649.2295774911163 7714.7497475919627 2393.0442409165944 7645.5829492817511 7710.2479476888411 2403.5269930124064 7641.5975728262947 7705.2866654474101 2413.0498982682652 7637.8995054450497 7700.8915784984174 2419.769688134731 7634.8114316367883 7697.8664796635585 2433.768795668409 7627.3011156952462 7692.510833951761 2441.2897329807024 7622.3595186533103 7690.0674841921527 2448.9803333244886 7617.1573162308314 7687.5059041709637 2462.6249840654787 7607.6581356351062 7683.0558171512585 2475.5125202253803 7598.5666319765014 7678.0274652046064 2481.2431258054689 7594.4175883288053 7675.5075687556164 2487.6171147577688 7589.4209401803491 7673.0135213469448 2498.9617985617024 7579.9596916807732 7668.8850539896675 2511.0984314855627 7569.7324223046317 7664.1056952866429 2518.0419481625804 7563.8505992301652 7661.6002533718511 2529.2960074585899 7554.3579448190339 7657.7537166132506 2537.7436317002011 7547.4857271726669 7654.9014211286203 2543.7419754036287 7543.2511459169928 7652.7815312623006 2553.6597685058869 7537.1435777127381 7648.8110573895692 2560.0532291777172 7533.4172501827907 7646.1414005303595 2563.5155415492541 7531.4428992428147 7644.6741616742693 2575.194493336679 7524.9389554414611 7639.6257206763366 2582.3145595061224 7521.3138535765465 7636.3057046661224 2592.4673053328447 7516.4402143690386 7631.321868545012 2604.4587697420334 7510.9763318497053 7625.1040487204655 2618.9700120046773 7504.1988862588787 7617.7429315246427 2628.0132401865512 7499.4952888302423 7613.3729769118836 2637.0585717738418 7494.7108681031486 7608.8463396396191 2654.9869926006568 7484.0857667661267 7602.2775423995872 2666.705615763809 7476.6758325195915 7598.9902012690263 2672.5532841865156 7472.4981632806466 7598.613574449485 2676.391220300352 7469.7854881870235 7598.2643869164176 2683.5098722340435 7464.7308842040802 7597.4793285455708 2689.744626044268 7460.2327217276879 7597.015624319969 2708.3497677072451 7446.3049602120345 7595.2490183744312 2713.131725682596 7442.5109864320166 7594.8743662244306 2721.4146110769079 7435.174696744305 7594.4758822065569 2726.0007931148598 7431.0626395334575 7594.2676294229323 2734.0239506189391 7423.8827001742466 7593.9306785969866 2745.687815196678 7413.0638667817975 7593.6579395527078 2758.6804416948326 7401.2402328509525 7593.3560689423102 2765.7064109176572 7394.8383788252331 7593.5890898730067 2777.6530569144757 7383.4113375463266 7593.9303275238217 2782.9122174978975 7377.5649422234246 7594.0949273910128 2795.6928263636401 7364.0000417870415 7596.6335449452263 2805.1323214847134 7354.8483178165498 7598.8665831749404 2812.8684946404646 7347.3581161075699 7600.7086266522956 2824.8154121677007 7336.8593205378638 7604.112997300751 2834.2669148300124 7329.1155330696201 7607.0190644054046 2839.1024310269813 7325.1953347098442 7608.5523388544625 2848.7178747612484 7319.0875621584373 7612.4840623860391 2851.6845787879083 7317.1116135586972 7613.6763999305158 2859.431821511072 7313.4572878316612 7616.3044582000548 2868.9325171693085 7309.3452139114679 7619.3289330176558 2881.5341901140446 7305.0314073670215 7617.3947555489749 2892.4796869448787 7301.4828489695328 7614.8046265005323
5 2124.2787409379848 8004.740854484201 7656.1853997522949 2112.21249613187 8010.985854691934 7657.3991080668593 2108.4974727552767 8012.5983434109958 7657.8882491651166 2103.363723442651 8014.6835106860408 7658.6615392927088 2092.4167446941342 8013.9496797882039 7661.3517184766115
7 2092.4167446941342 8013.9496797882039 7661.3517184766115 2093.1524854918443 8032.8792655100051 7656.8435588474822 2095.8599542309221 8048.5987346695038 7651.5127099598376 2097.1733288256742 8061.5148530326487 7645.6212573901648 2098.5922473994133 8076.971973705693 7638.1954375092027 2099.2744916195329 8089.3006859863017 7632.1760653834144 2099.0977580196368 8097.9026152798078 7627.6164976977743
6 2922.6769146936945 7295.7827542902551 7568.0171305102731 2921.5206717107353 7295.9088082294274 7571.8897314770729 2914.9978409216546 7297.9309068604489 7586.2126650428663 2907.5852749558576 7299.7699805412576 7599.1382487238252 2900.0049330564657 7299.5768079248337 7611.1376005657148 2892.4796869448787 7301.4828489695328 7614.8046265005323
8 2017.4825209821452 7626.9664146404921 7883.9319081289732 2017.360360183467 7633.8413728071891 7885.8230041206616 2020.1628100885616 7644.4839061093317 7885.9997194303405 2023.231303896544 7655.1872435280502 7885.8554182657563 2028.5495945276728 7666.6882986234123 7885.7242640417326 2035.5931610092364 7680.5370756363682 7885.6606351966093 2042.3747974267503 7689.1182087689904 7886.5053799409561 2054.5460824599522 7706.0487021068448 7887.9672204736171
5 1987.8289267795849 7632.3517244108225 7783.176260793467 1993.444775453594 7637.8333060264995 7776.9809712572433 1997.1885542965874 7641.5186663443556 7774.3541239647557 1999.7408341797454 7644.0298306036848 7772.5914888195593 2016.3385425695176 7662.7496415596997 7766.5657545002705
12 1742.2440920165516 7748.1547138375963 7562.3040008096777 1730.8895031243319 7749.5915363068852 7545.0125882577058 1725.6991478138275 7749.5443764354613 7540.394066199231 1717.9226819550677 7749.127512097235 7533.4955435495867 1709.4176347354751 7748.7247450975947 7526.7968052636679 1703.9222466224855 7746.4165427991766 7521.8956451219374 1691.4367745658456 7740.8642221038299 7515.4047391895683 1675.202657926568 7730.9327239880586 7509.9432227755842 1663.4890079609556 7723.7781330058888 7508.221954905609 1654.8072535039489 7718.423956005091 7507.0143516740482 1647.8768859205982 7714.4900135558401 7506.4509758861304 1638.1995437602607 7707.4559946128529 7507.2871271923896
27 1742.2440920165516 7748.1547138375963 7562.3040008096777 1766.2735573645562 7749.7728302723544 7565.8788727672172 1776.0765272214553 7749.8486926418454 7568.0657192356603 1786.3201602970421 7749.7672878201065 7570.6130941333158 1799.1665416197422 7749.5194079931316 7574.2056703725257 1806.3261157239006 7749.1273898654636 7575.4917879871145 1814.2550224670395 7748.6043718129113 7577.3570768129694 1820.065851089025 7748.2759341948622 7578.3937618516356 1828.1306191707288 7747.1644950257269 7582.2609209080547 1835.1357416798319 7746.3209897015258 7584.8888194053143 1841.1394951492505 7745.460158683517 7587.4856358884454 1849.1015149260445 7744.504614794897 7590.5882920993599 1861.4627295430957 7743.7093015454257 7595.279468447834 1873.7022275457657 7743.3941373235466 7599.5276611514191 1888.1000281492909 7743.2841429958744 7604.616327969251 1908.6559257285962 7743.8882253799457 7612.1880876460345 1919.7940584244577 7744.4652313994047 7616.3870530842969 1927.5350337725358 7744.9233712180212 7619.2014563666407 1948.3388097433715 7747.8199800605926 7626.3883855131717 1962.5948138633244 7749.8866529313937 7631.4189170325444 1973.3849223243267 7751.3185672681693 7635.6414216918538 1981.2676865651295 7752.4773143808079 7638.7918000936315 1997.685242320121 7754.8384799156229 7645.2939606427581 2017.3699378672391 7757.4735672195047 7653.5479937685895 2028.5814149445275 7759.7767581117077 7658.9606109475735 2038.6840427693551 7761.9060532152043 7664.5236823120786 2063.4910031924792 7759.0792511829468 7680.7871985134525
3 1638.1995437602607 7707.4559946128529 7507.2871271923896 1633.8667137796213 7697.2454334451231 7507.3321628609392 1628.9068822713505 7682.9136043868439 7507.233993992194
7 2919.3651915030814 7275.659136322266 7663.4828717589498 2916.1153074521758 7277.9119899478146 7660.7089705973131 2910.8444957993456 7281.2861594458782 7656.5068262091463 2905.0197121202004 7286.3427453065133 7648.229055984395 2900.7792700886334 7290.4810229390896 7640.7382762949774 2896.2213264282445 7295.7802019711653 7629.540170947289 2892.4796869448787 7301.4828489695328 7614.8046265005323
9 2063.4910031924792 7759.0792511829468 7680.7871985134525 2062.2784297402718 7747.0445680731409 7687.3655339048046 2060.1646050438362 7741.5698256965397 7689.6332662388431 2056.8545510716267 7736.2259787748199 7691.192361225214 2050.7007901979005 7723.7899213220144 7696.8783278034534 2040.9384211752281 7702.940261165847 7710.8762669155522 2036.645384790462 7693.9547159147378 7717.4887186219858 2030.2685501439448 7680.3352749319674 7729.0687269335031 2026.1755927200315 7671.2132462231048 7741.1330748404453
2 2026.1755927200315 7671.2132462231048 7741.1330748404453 2016.3385425695176 7662.7496415596997 7766.5657545002705
19 2054.5460824599522 7706.0487021068448 7887.9672204736171 2065.8674082664297 7704.9639635791273 7895.132242009895 2072.9151747286137 7707.8372040077256 7898.7767011631122 2077.6203903716696 7709.379215180471 7901.5220464530603 2087.4038223997313 7712.400240695054 7907.2507481252405 2095.9521734058776 7712.3177359737647 7913.0554673552369 2108.5977117958282 7706.8873368765162 7924.5152878201106 2120.5099252707237 7699.5726188461449 7933.7868296403367 2126.5307880388182 7694.9110561492034 7938.8303270055721 2137.4487427892118 7686.9923150623581 7946.7800491325725 2144.4846782641521 7680.6417250461118 7953.2724736718856 2147.3892408354495 7678.476839729281 7954.9179729594343 2157.4542872870547 7672.4453037914791 7957.2829239911416 2168.1587096798962 7666.5622764402278 7958.7709900664513 2177.6584579604059 7662.2385916233134 7959.2272155207211 2180.7426488455089 7660.7813603468667 7959.527002285532 2186.4943748588507 7657.9925850888339 7960.2683575162255 2194.5496608113799 7654.0397834326959 7961.3958217375502 2210.0763334028238 7642.1020790671855 7972.1699519198619
