6 7034.8669238469611 7178.2981705769507 3706.1099051612332 7024.922164890314 7159.9708089292835 3715.5737859564301 7014.3405533481182 7135.5023621785431 3723.9858477771809 7010.2203745108272 7116.8606220394204 3727.0931591512294 7007.8440128786615 7103.4537107502183 3728.8452736698937 6993.7476884060061 7085.1463263269843 3736.6913669362248
5 6658.308222373591 6471.3658233320421 3218.9928463267756 6659.5613522925996 6471.0925063790246 3220.3954355542196 6663.5761941084966 6470.689790738852 3228.0503040479671 6666.9829162252736 6470.6319398932192 3235.8247015100133 6679.7430102288426 6467.513547791139 3249.3507762331706
6 6977.0756586061871 7047.4972775394481 3787.5883526042858 6971.3779892657276 7052.6019575741348 3780.2322609564826 6967.7748498910823 7053.2589149918531 3774.029764469502 6966.9320419810811 7052.5573146060106 3768.2157204101904 6963.9851011859855 7051.083325685433 3761.7937192446284 6948.1226486033065 7045.6283149334722 3738.5929152375084
3 6977.0756586061871 7047.4972775394481 3787.5883526042858 6995.5958255433334 7047.8144990352284 3793.7704767298114 7003.1737803995948 7040.2921476057963 3802.1993347299403
5 6977.0756586061871 7047.4972775394481 3787.5883526042858 6964.7628297454885 7041.1702884048536 3791.0202534441328 6959.747912063548 7032.3938363937777 3796.4690158288859 6949.0268589248808 7013.6855437541435 3807.1336856776329 6943.2109317987934 7003.8329573698929 3813.4354252820503
12 6679.7430102288426 6467.513547791139 3249.3507762331706 6685.2023952241825 6465.2871529704571 3250.6214486500044 6692.2880566820213 6462.8952659192473 3254.2735388764931 6697.7956880336178 6460.8477663123294 3255.5145086490029 6711.8124746328858 6455.994881811087 3260.6007886494785 6727.8007961612702 6450.6089441074582 3266.7547779897345 6734.1194067615215 6448.8981462694128 3270.3505873252011 6742.6682671500339 6447.3293400274679 3277.494559688223 6749.9162898013601 6446.4403669760013 3285.6059385341755 6761.6881242904346 6446.022715266733 3304.1185564429466 6774.4915572248792 6447.0136529741358 3328.7942169385246 6778.5124492851583 6449.8590440394155 3357.1085552862478
9 6679.7430102288426 6467.513547791139 3249.3507762331706 6662.7722681186606 6477.3813466753609 3260.3101175486336 6658.636221872207 6480.0704021282036 3264.3714080667996 6652.8252877788645 6483.9861250698614 3270.5614907402241 6648.5316692109363 6488.5262929180708 3275.5184067798205 6643.283849597613 6498.1556643357344 3283.4108972298332 6640.4254311974573 6505.5714499153537 3288.9499361054818 6636.7257056078324 6516.3095943525077 3297.4939618982899 6641.8017552694519 6553.7783051486113 3311.9732724990599
22 6641.8017552694519 6553.7783051486113 3311.9732724990599 6656.6095743496235 6581.4765752414733 3314.0064360469346 6664.1458235471919 6586.5155009551772 3311.1571069841034 6671.1856209538983 6590.3199016255758 3308.1760156143027 6684.1538568507767 6595.5582637052694 3302.1993224785388 6697.7157489840365 6598.9454191454279 3296.7956740260124 6712.1483404820101 6601.5047040104137 3293.3751973196604 6720.0612675665798 6602.7181542426642 3291.6676407336481 6729.80101716423 6604.1308785007841 3289.6859537759906 6737.7497734133167 6605.2041961970135 3288.1579839926776 6752.4725933686113 6606.6468899572728 3285.8929884933946 6774.702948869699 6606.0742552851016 3285.2624578748919 6785.0403344788265 6605.9308260810558 3284.9090896339994 6800.3062767035281 6605.6582420826944 3284.4468831681929 6816.4360057349231 6602.6899331580089 3285.847126279366 6825.0641391137506 6600.7236911415312 3286.7962792660519 6834.4884425804075 6593.7686091701053 3290.0808856718113 6840.989592414553 6589.1147623680909 3292.3427182464825 6864.7741729744857 6571.6879398001793 3300.8345976588234 6873.3403813263458 6563.3104036249943 3304.9706653673143 6879.6977445900438 6554.7774796868052 3308.9617961448516 6886.9417011096393 6536.5598694902928 3316.7101006980529
4 6641.8017552694519 6553.7783051486113 3311.9732724990599 6625.929195026084 6546.5122756593473 3322.2775387302222 6616.6186193965104 6547.9082933428053 3331.4309483706998 6598.6669958765733 6546.1210941007312 3347.345637083989
36 6495.4571760969156 7230.164933940755 3728.4045388573572 6500.9920688209322 7226.0258709074415 3728.1607950104894 6505.9271189595429 7222.3189316858779 3727.9255670584084 6512.6705353499356 7217.3636436127344 3727.8687510008936 6519.265985388517 7212.4863796266172 3727.8773854351816 6527.4913288503822 7206.6668675609153 3728.4404256152661 6534.2584483757046 7201.8146868166905 3728.8575585818976 6546.7795567612247 7192.8347670507064 3729.6337204659203 6557.3393354229102 7185.2431532738028 3730.2784167478108 6563.1400208264113 7181.0593414931845 3730.6228678368598 6570.4751360915006 7175.7554789739334 3731.0492253030325 6585.7364085045083 7164.4127746299628 3731.6028659624235 6591.8981871197866 7160.5051254140953 3732.6065481083856 6595.5797491575149 7157.8549131662512 3732.8484585141105 6606.8386004486047 7150.762898062414 3734.6788759388355 6619.9413786250989 7142.3970003155109 3736.6652520142566 6627.195809246552 7137.6719268157367 3737.6588434883261 6634.8157339343661 7132.9310056909062 3738.9494449300864 6644.3257437057646 7127.2205537373629 3740.8012629191594 6653.5450529807422 7121.6952323768237 3742.6100668433405 6658.4044648097261 7118.8083208226381 3743.6009086241679 6669.1362963552847 7112.2461624507405 3745.6183489277355 6674.2576610693559 7109.2943219852013 3746.7525164259832 6681.8463554061391 7104.9301907168774 3748.4429700388914 6689.3532877123098 7100.6615425783139 3749.8597450168613 6693.0653627575675 7098.6339350776752 3750.4775181029872 6702.4148647464181 7093.9734872744866 3751.6535118410357 6717.0592167707928 7091.0097841586394 3752.0943201321747 6739.1606578605006 7090.1116612004498 3752.3914411243773 6747.333073351464 7090.304047823799 3752.5044937609669 6753.3995882598865 7090.1921718662379 3752.6379662959189 6769.5438643114667 7089.2470409359357 3753.0139426009891 6813.8924503864619 7086.8683717369622 3753.8932088945612 6828.6969594576676 7087.6474182847423 3754.5031039023097 6840.2005058499853 7090.7748153348994 3754.6566312847531 6866.6519541356211 7105.3612770704003 3755.2536679051232
12 6752.5717183502502 6933.9714699954939 3751.0804727276709 6753.6066432533808 6934.9879235841854 3750.8856340016869 6769.8049956573805 6957.7643187637268 3746.0376575002897 6775.2818857501188 6969.1848745871885 3742.9179129683394 6798.4686854671063 6985.8520083853155 3742.7853394246704 6810.4432708907652 6994.1225141998611 3743.0996010081767 6818.8434561967415 6999.7774348036091 3743.5864735275195 6825.4534145141115 7004.1867726186292 3743.9866722944253 6838.3498826541727 7012.8303413246958 3745.5954965068909 6856.2748406332757 7024.7132927868452 3747.9773869561745 6869.861901938667 7036.6988903576748 3747.934527786314 6895.4553951930384 7050.3057511300058 3746.1130427595835
16 6365.5335821253902 6412.3974741857401 3225.4437356710214 6364.0018344876589 6412.1606959747642 3234.684477551732 6362.8299530412278 6411.9471035536171 3242.4461667321902 6361.1030762360988 6411.6505703162002 3253.8863871107496 6360.4034833143151 6411.5232780946235 3258.7251960903354 6359.079837291999 6411.2792645336503 3267.7441863746581 6357.9845938376238 6411.141048309637 3275.2547606670923 6356.5061469205948 6411.0508962418116 3285.0405290969434 6355.1607257641163 6411.1402682007038 3293.7019613985517 6354.2816125520258 6411.2597710990003 3299.3301306453959 6352.5671646853498 6411.6427323738535 3310.2154281021121 6348.7987958975173 6414.3135291403669 3333.1991949855774 6347.035951926543 6417.5638632367945 3343.3896990618364 6345.6303892862188 6421.569716123493 3351.2406445920792 6343.5616849695325 6427.8071797587809 3362.9599511072888 6342.3045778294309 6429.088347389863 3380.4166691765818
9 6387.2686818786733 6570.9638468729736 3352.6872565101958 6365.3129697068689 6533.1890045480577 3357.4105529707208 6358.3537064548518 6516.1003951906705 3361.8127598385231 6351.0009098320334 6499.2100293895292 3365.7547767366505 6348.7834353912112 6482.4352940122062 3369.8073814132463 6347.6405002350393 6473.6418044505708 3371.6004503602176 6346.2508956800548 6463.4061881992711 3373.4007217918343 6344.5904388810004 6457.2022003506199 3373.57641811547 6337.1317695107982 6444.8379878793576 3376.6641471178391
6 6387.2686818786733 6570.9638468729736 3352.6872565101958 6401.2028968774275 6576.0362034944001 3360.4504706637204 6411.841878385625 6581.6350208330332 3364.4978376031745 6417.9307145848907 6585.1619575374025 3366.465724798356 6439.286408650888 6596.9752646887573 3372.5705291682457 6446.7209026375322 6599.7216203697926 3374.6566379157061
7 6387.2686818786733 6570.9638468729736 3352.6872565101958 6376.5996042378874 6577.2851947835979 3340.8970028165904 6370.8827452641481 6582.0082896978156 3333.8143229322877 6365.7844650295228 6587.6859697116442 3326.6637793119098 6363.9903555190922 6590.2701266955573 3323.7741300973107 6361.0113637031318 6598.4779337373157 3315.7661544739326 6359.5819702453327 6602.9227966487633 3311.5463863193854
20 6554.972069272616 7423.588463375334 3594.7472723373589 6555.2138248234241 7424.439569437809 3594.798157724771 6561.8963570622382 7429.5348734348736 3593.8855990189672 6567.313106288233 7433.4769082659022 3593.1609332737362 6577.4418373858234 7440.6495109645257 3591.9501699866792 6589.8656966295512 7449.1641761529718 3590.5429768167064 6599.6710041550614 7454.8612991961827 3589.5650655179807 6607.7009878432236 7458.9009137650646 3588.8854634335185 6624.6235554488439 7465.2832328219474 3587.89236750278 6634.575735412579 7469.1005054936741 3587.3419617814229 6642.0309473717361 7472.2495128541495 3587.3174203718586 6662.9292289815567 7473.6451301616289 3586.108040779046 6674.2934493978719 7473.8624100112329 3585.752061750914 6681.972758093124 7473.3606851017248 3587.8061482146559 6692.4394746468379 7472.3869762116228 3590.2109464173832 6700.1442993766796 7469.0887762133152 3593.8260924542642 6713.6013626343911 7464.6902503079045 3599.3975123725031 6725.5421664561782 7460.0763901438304 3604.8057407520328 6736.7227889669612 7455.0566762372991 3610.8590625124216 6750.6679098903633 7448.1097030469318 3616.7557300118747
4 6912.7637746079863 6427.2609699189015 3397.0295170399713 6898.5477504264791 6436.0251164340525 3381.7473411565702 6891.7951692532124 6442.8733500112257 3372.5210887752564 6877.3438171397784 6453.5850784598733 3357.4883847826854
7 6912.7637746079863 6427.2609699189015 3397.0295170399713 6913.1159590687212 6416.9817934499633 3409.8548951464618 6908.1676216308961 6409.1307374491871 3417.6182102669495 6905.1262203773531 6403.9894757153643 3422.8088948900163 6904.2393842804122 6401.2553715088816 3425.9879651521851 6899.6575071395537 6387.2483430543025 3442.1901028788802 6898.7630557308667 6365.4425069073686 3461.3623980219327
6 6912.7637746079863 6427.2609699189015 3397.0295170399713 6932.1779732973182 6437.0461641250731 3392.5864059428245 6936.8019982146434 6441.2795177880771 3389.577172106267 6941.5630959114787 6445.9843192585531 3386.0814219840177 6946.3290300666176 6452.0061502460185 3381.3628404836327 6939.7596216335824 6463.9944154602881 3361.7991128527287
19 6703.2504525116874 6391.0539519927361 3494.2183838740912 6691.1952505669215 6376.2175350163125 3494.9008629648279 6688.5393070912069 6372.4495198876011 3495.4793506594538 6684.4282491479298 6366.8301675003431 3496.1960849763614 6681.4503513730615 6361.9144010205127 3497.3771374606322 6677.6794452906315 6356.0508032202251 3498.6610264294659 6672.8013908250914 6349.0597852664796 3500.7549676242465 6668.5506275763591 6343.0308432998399 3502.4946187252995 6664.0051710404687 6336.6479839404628 3504.2413739492599 6661.2223545383749 6332.7793055173379 3505.2536234351232 6654.6217486546057 6323.6037815031887 3507.2480233580609 6634.1183729399827 6291.3225037402663 3504.086906850509 6628.068886451184 6281.626557647488 3502.7309552647812 6624.7496294822859 6276.2456136264409 3501.8413768440619 6621.0221859923731 6270.1891600086547 3500.8094651996089 6617.7360161694151 6264.6800575276939 3499.5498899831596 6614.3219994315668 6258.8991078269482 3498.1620555814056 6610.5539069148181 6252.3330398592279 3496.3251127572162 6601.6323839253191 6237.2184066387899 3493.6893137506877
8 6703.2504525116874 6391.0539519927361 3494.2183838740912 6718.6382763517322 6389.478476117577 3510.7092019372481 6724.7756008286524 6391.9976610050571 3514.3903772848557 6735.4250961926782 6394.9163262420252 3521.9850875249995 6761.9637223801783 6401.3716508402485 3541.4885439075724 6770.7329814238092 6402.5144171504107 3548.5605388209601 6775.9393252757754 6403.0831746517888 3552.8133078731257 6776.1469248351805 6403.0985645012552 3552.993228699338
8 6703.2504525116874 6391.0539519927361 3494.2183838740912 6697.072970697237 6400.1390505048421 3480.225978433748 6697.1984259716282 6403.1613803248138 3477.7522263268138 6697.2083516448956 6408.9114968468321 3472.7198228457828 6696.9454738751228 6414.9743594348802 3466.6226020518238 6696.0906900014761 6421.8029528454063 3459.2449894598863 6696.5354068954293 6430.4600079258526 3448.0414376180765 6690.1091932070622 6439.405334033233 3437.8787129552175
7 6998.2312502938694 7030.8066453799511 3683.4472060750172 6981.9862710825528 6974.7883248670259 3661.3090629653866 6977.5072979377064 6959.9046301307153 3653.5406322340359 6973.6373736835785 6948.7302565798846 3646.7395177286003 6971.8671965992789 6942.8921002373727 3642.9190572796847 6969.2954402971745 6934.0957814087333 3637.1090170120156 6971.8557267489141 6911.3038764535322 3619.6505687231647
2 6998.2312502938694 7030.8066453799511 3683.4472060750172 7020.2137578641177 7074.8611335126116 3678.6126072396737
3 6998.2312502938694 7030.8066453799511 3683.4472060750172 6991.3128409741912 7072.2413651901561 3724.7488327513406 6993.7476884060061 7085.1463263269843 3736.6913669362248
2 6998.2312502938694 7030.8066453799511 3683.4472060750172 7004.6722929964308 7015.3601910207562 3670.1411479899011
3 6998.2312502938694 7030.8066453799511 3683.4472060750172 7033.471438386774 7011.5812119040975 3645.4615816896526 7040.7745582809193 6997.6253037876249 3635.97951194793
3 6998.2312502938694 7030.8066453799511 3683.4472060750172 7012.008800675073 6995.955491682289 3660.1238272311225 7040.7745582809193 6997.6253037876249 3635.97951194793
4 6998.2312502938694 7030.8066453799511 3683.4472060750172 6960.3116857288651 7044.7571341631365 3726.7307891658115 6955.5514838419895 7045.5760150559045 3731.3842361592556 6948.1226486033065 7045.6283149334722 3738.5929152375084
4 6980.5123479163158 7079.8781545964921 3748.825753410224 6984.653382150359 7081.6807248349805 3745.795304059438 6987.0142562709971 7082.861192504949 3744.0446062916035 6993.7476884060061 7085.1463263269843 3736.6913669362248
12 6894.3047216321474 6249.7598375317857 3448.7647088696735 6896.7447802858505 6254.6715708550519 3450.1186159326944 6906.8052721364538 6275.3757158829485 3454.9856129254649 6907.5961999246319 6277.6096943546845 3455.4739293345501 6913.3233614672545 6289.1328920880287 3457.7569104293425 6912.9899188853451 6306.17393275005 3461.464715725238 6910.8984813032457 6313.7343402291499 3463.4129609324968 6907.1824320248288 6325.8643575723781 3466.5250010048208 6904.5212677939126 6334.5075494328448 3467.686436533731 6901.5381210211017 6344.4034962829237 3468.8001201230131 6900.7060693495205 6347.4512314602052 3468.9617598947434 6898.7630557308667 6365.4425069073686 3461.3623980219327
6 6898.7630557308667 6365.4425069073686 3461.3623980219327 6892.6250834514367 6375.8196370261621 3492.5044792666663 6890.8756646527863 6378.169514912749 3506.2591266277245 6891.4867480685598 6378.6118137644198 3512.5170185593465 6892.2839609777675 6379.0820163715116 3519.8193686294812 6897.1215423469794 6380.8347642055514 3547.0298359979874
5 6779.8467689283543 7143.7622984294185 3422.6125629059848 6794.5886545749927 7141.1193661601183 3423.2936044235125 6803.6749489633821 7139.7620841032885 3422.2478851331707 6809.0908147511309 7138.9659531984471 3421.0648995934744 6824.2358598479141 7136.6197490693194 3417.2370269241087
14 6851.3377829954361 7132.1807557307175 3379.9545699399437 6847.1601972861654 7122.3587244799537 3364.5761362066287 6845.4107383925148 7115.966204347581 3354.1995283217284 6848.7859399066629 7109.2756787233284 3345.4124505236514 6852.5704538887512 7103.5159730692685 3338.4563789884191 6858.3214691161647 7096.4131858623023 3330.0946265368766 6865.6627800401066 7089.8782118152731 3322.8356565944146 6870.6851456364811 7085.7414698036046 3318.4362735885879 6875.8155689730729 7081.7817253788435 3314.2768443139194 6891.7697777394187 7069.8604678456004 3301.9164326323553 6896.7447947650389 7067.4715795726906 3299.9089013254138 6917.6783997355424 7060.008813167995 3298.0918828287568 6925.6359215612829 7048.4315442203297 3295.5723503610825 6931.4491938329647 7041.2351837228052 3294.1129830295436
13 6851.3377829954361 7132.1807557307175 3379.9545699399437 6872.0165133087876 7140.6451858831742 3375.6193392421237 6880.5376302337963 7145.1074486068092 3375.6472464425619 6887.5621469993202 7147.933044930578 3373.9038053175213 6899.0269821483007 7151.0590741860942 3368.0475505305835 6905.1333830510421 7150.2362158951246 3363.6494453757878 6908.5257272835534 7149.7431250637219 3361.5076217249762 6913.341495350609 7148.9812073612702 3358.4572970543377 6924.6989294279538 7146.9678470140716 3351.2107184031934 6943.0227944067683 7142.6607224677509 3339.4822972568772 6951.4807669975517 7128.8088397239871 3332.4854120778059 6958.7495223761189 7096.4984048564074 3319.7126968431553 6968.0286355008611 7063.2764544829279 3305.2524874470087
5 6851.3377829954361 7132.1807557307175 3379.9545699399437 6836.0464011769354 7133.0674131221967 3397.3110977354268 6832.7197296419226 7134.8082442207669 3404.2317945368859 6829.4498188995431 7135.5827299326711 3408.9549217311842 6824.2358598479141 7136.6197490693194 3417.2370269241087
3 6968.0286355008611 7063.2764544829279 3305.2524874470087 6948.9186239515957 7052.9258266872394 3299.9328417763581 6931.4491938329647 7041.2351837228052 3294.1129830295436
2 6968.0286355008611 7063.2764544829279 3305.2524874470087 6990.3070768217558 7046.6584250797669 3298.1374209589467
54 6453.3993980524565 6992.4054491523011 3693.43974824318 6460.9925782426571 6986.9640840649845 3691.8218099107521 6473.1981671812118 6977.9086367677592 3688.3750287184462 6479.7703324847598 6973.0391533891907 3686.4320368343624 6486.6517624910775 6967.9287676845133 3684.4937660772061 6493.3641309825925 6962.8528105010873 3682.3514213804156 6502.555475838697 6955.6146796696239 3677.6071424932693 6506.2447314874698 6952.6079504296376 3675.3042795327101 6510.5933786058231 6948.9264279013087 3671.9182503319912 6518.3975211459619 6941.9835425052306 3664.521252868346 6524.895427689079 6936.1251687373115 3658.1342350524014 6530.7968300435996 6930.5166843766738 3651.0692356167797 6535.7175497316903 6925.7314108568853 3644.7421526931375 6542.5673275205681 6918.8878678824722 3635.5601554681816 6545.7674511123441 6914.8495341842672 3628.2795460600059 6548.0283966532916 6912.5635466039348 3622.7076441933932 6549.3693941533975 6908.6360588414518 3612.4764983340856 6551.1665475993432 6903.3184071057449 3598.4984152974407 6553.0035747507554 6897.4505984479902 3583.1683419120918 6554.456690873737 6892.2656601959898 3573.0398517123244 6555.3665871782041 6888.6159388433216 3567.4301439938276 6554.6112285041318 6878.1910227415137 3556.1712042860818 6554.3133732394654 6868.2755278344121 3547.271575829976 6554.1125733041108 6862.116443497358 3541.9575666042729 6553.8873377152495 6852.6331240766885 3534.3707369706699 6553.7977560452664 6842.1474804042955 3526.2246690851448 6553.6614794509233 6834.5233824634679 3520.2638175852644 6554.4897876493515 6825.3987818192727 3515.2834643426927 6556.7127550432297 6811.5978797670186 3508.6380673730559 6558.2731354217067 6803.0457758918865 3504.7674991916624 6559.266821209002 6796.8682179262478 3502.1379950062055 6560.9993363960493 6783.9096844799569 3496.4726969545409 6562.5794240116684 6772.5161183444343 3491.5957099858661 6563.5650439161172 6765.3189646335286 3488.5066439022021 6564.5412450503036 6758.2177805382125 3485.4573364552721 6565.65306728204 6750.3389464781385 3482.0387695377513 6566.6580636665403 6743.1865314170982 3478.932391074467 6568.1509927407842 6728.7583460133565 3471.9973271624381 6569.0149681869771 6711.7544750623128 3463.1050579205885 6569.6765278175753 6700.6952745405133 3457.3375216340669 6569.4714673318213 6693.3350831188291 3452.9953731291562 6569.5373176396815 6686.1263859713881 3448.0074897548934 6568.3237037732115 6678.35077996784 3441.4927963436071 6567.2833637887215 6668.9294718233059 3432.5779664771212 6566.248900185542 6656.6030267247461 3419.8581608991531 6568.7723190656243 6641.6947016685317 3405.0915409999734 6571.0723462229034 6632.0329072583509 3395.3796023277755 6572.1467928831735 6628.3480348423582 3391.6237771242213 6573.8321348665031 6623.9390056724251 3386.9225524202366 6574.6315281552816 6622.4403760753312 3385.5821734812926 6578.3394274550874 6614.2781341589089 3380.0520263171829 6582.727314189161 6608.5246576526979 3375.0588291955537 6592.0563875979005 6591.1615552912581 3363.3983279698996 6598.6669958765733 6546.1210941007312 3347.345637083989
5 7054.251447671365 7015.87338843816 3614.4505629917576 7060.8473565552622 7045.2164833997131 3623.8902490352011 7059.2616687626678 7053.8395070276283 3630.462087314625 7055.3279735441356 7059.7891989919299 3642.889266320853 7020.2137578641177 7074.8611335126116 3678.6126072396737
27 7054.251447671365 7015.87338843816 3614.4505629917576 7061.1603245960696 7019.6530455168695 3598.5642580213912 7067.5721305016232 7021.7806791694629 3583.1010006433235 7071.589751165382 7026.2640368388793 3566.1301062677408 7073.2941019993405 7028.6909049890746 3553.3593389404286 7073.3598212128663 7033.4639113557078 3536.2210823741675 7072.6898871504354 7035.9985685570973 3526.801140211719 7068.6128122365471 7042.2528507537354 3511.5371336030712 7066.2731453493689 7045.3636923629419 3503.3107011122106 7063.271786483183 7049.3881830401424 3493.5338046676561 7060.7725501480318 7052.7057135158948 3482.8916125046312 7057.7794337353716 7056.6453537221341 3469.7303211971584 7056.2710724152894 7058.5899247779735 3462.7590837596422 7053.8585773290124 7062.0027415271679 3450.4056878378215 7051.1250604541901 7068.3250687758082 3424.7813648794613 7050.0630877566018 7071.2296068088808 3412.2055809987601 7049.5373212257909 7072.523048067017 3406.6498105975475 7047.5040335693793 7077.1014465972876 3387.303081781999 7044.640559948326 7080.4702714948962 3374.5143343320328 7040.8607175170901 7083.5979430846082 3363.2101703595858 7038.0790663390944 7085.9794168426779 3355.7385202177165 7030.616083958631 7090.112248884785 3343.1199693700519 7019.5449509972041 7090.769683953944 3332.5648912466763 7009.4771654436981 7085.1130201565529 3326.3784435169564 7003.6651814782672 7078.3444379340326 3320.650368568437 7000.1793893244412 7065.8046389807232 3312.0688019435825 6990.3070768217558 7046.6584250797669 3298.1374209589467
2 7054.251447671365 7015.87338843816 3614.4505629917576 7040.7745582809193 6997.6253037876249 3635.97951194793
2 6873.973567680101 6857.4056525722835 3580.1322645784653 6862.0116231794327 6852.8458799065138 3577.4195629022142
2 6873.973567680101 6857.4056525722835 3580.1322645784653 6867.5623582314693 6847.7088401626197 3568.360653585436
10 6873.973567680101 6857.4056525722835 3580.1322645784653 6881.4519140433958 6860.9930970024188 3584.5585474918566 6889.0410963900385 6864.6159143056939 3588.6712197100524 6898.7840221001661 6869.6477872051028 3594.3401698535786 6904.0879877408033 6873.4003044309275 3598.2696096692084 6913.21947969128 6879.1250775535191 3603.9369842445012 6922.414682360054 6887.3532925886693 3610.6523446153838 6933.8295538490265 6898.08410617557 3618.3785225331662 6946.9529569395881 6909.0859481572452 3623.6492455462298 6971.8557267489141 6911.3038764535322 3619.6505687231647
4 6963.1379145610499 6880.3635492185676 3587.2699084449714 6972.260047248883 6880.5050879552 3587.659567823981 6976.862344722038 6879.894751002128 3587.5700342220421 6998.4410626069102 6886.6163313703582 3592.8051345573413
7 6999.0141243015332 6436.895532622606 3306.5079600899016 6990.714277880752 6440.0630352367407 3311.556120159451 6984.8699838978328 6442.7138636742602 3315.4229863297523 6975.2024436975944 6446.8152804457814 3321.6871845783667 6956.7489477943627 6454.7871477435783 3335.6599357574355 6942.7341253925042 6459.3751363050524 3345.0390130500173 6939.7596216335824 6463.9944154602881 3361.7991128527287
9 6402.3438376544937 6324.8693629378395 3515.3628597961056 6393.4631127652601 6329.1939020373975 3506.5372085181807 6391.3953036867315 6330.4367874035079 3504.2742764771338 6378.7229632909775 6344.3483689069099 3483.5452813800553 6372.7944917180912 6358.1835361005014 3466.5346161680463 6372.9634302080713 6368.622172669443 3456.1107188740821 6372.0058996168054 6378.4590666855975 3445.9747704437614 6370.2287941214436 6391.4549885355791 3432.3991884384186 6370.6372069803629 6402.7903676776714 3421.3969816097065
3 6912.4031017195493 7009.1087614969329 3282.5219831986592 6924.2025484608757 7029.4443355328067 3289.7416998673161 6931.4491938329647 7041.2351837228052 3294.1129830295436
43 6416.4476085081869 6433.3276497780798 3083.6525115847326 6419.4347407896394 6433.8952800676634 3086.4505937644658 6431.4896824054204 6432.0010413333957 3099.0587332956002 6435.8129997091401 6431.273301880914 3103.5494871445635 6441.1246043699311 6430.2191939766244 3108.8717956346431 6447.0899047910571 6428.8046869416548 3114.7782529261581 6453.1368759778425 6427.0865910852217 3120.4552906427052 6460.3892112968824 6424.8750879463114 3127.0322348602108 6468.5172682613338 6422.0835699577774 3134.4068664035381 6482.5206455208609 6416.9112018762871 3145.4579808919375 6489.9878020669803 6414.1406212077618 3151.9049050164249 6493.2313653907549 6412.8594331827926 3155.3236527799472 6499.430836346557 6410.3883851728906 3162.8931645633315 6505.9421854220527 6407.7253079424909 3171.8784821487043 6513.0594072286149 6407.0426450160512 3188.9247516424525 6517.8573663434945 6406.8077137323908 3201.8291681960295 6521.5234271612426 6406.7429517436394 3211.3680652683875 6524.8927010649277 6407.8611825220423 3217.944136643885 6528.4001730543578 6408.6811925125558 3223.1230039824773 6532.4235276078971 6410.1141072692408 3228.9469373124284 6540.4633574365052 6413.4385829036373 3239.7062041135514 6549.6506171955325 6417.8843576042755 3250.6763856021439 6553.8315562606904 6421.6375046686335 3257.3383079280134 6556.1339926450546 6423.533242446063 3260.8299041333671 6560.5126399739365 6427.1460280791416 3267.4980382955318 6564.5723372474486 6430.4609473791825 3273.8225831643972 6569.4107019968196 6434.4244164425054 3281.2929451124851 6579.9458231239969 6442.7523418729515 3298.7942484108271 6581.6643064449572 6443.8515102777101 3302.2654282870853 6585.6042865470972 6446.3743319497389 3309.2599099910435 6593.2204191203491 6451.4828378371667 3323.1482230080419 6597.1543667462192 6454.2487596011088 3329.7617101880141 6600.6271588526488 6454.9340550605502 3341.713224370737 6604.0158495779006 6456.3610791716237 3358.1537865205196 6608.0905792748717 6456.6920465485646 3370.3987584960396 6617.8075995931713 6457.3042021340616 3384.0803490336889 6626.3260231467857 6458.4209638066632 3393.1148267580647 6637.7869014716598 6460.0501701539206 3403.2921873852542 6647.8690254136254 6459.5596821978961 3411.5981632839571 6660.7185541133977 6456.1247916934981 3422.2372933797355 6666.7787225408056 6452.9800149957782 3425.4321073644051 6669.3692211698517 6451.3375996393561 3427.2775083261499 6690.1091932070622 6439.405334033233 3437.8787129552175
17 6750.6679098903633 7448.1097030469318 3616.7557300118747 6747.4881361371972 7458.1287653297613 3640.005567403105 6746.8026413222351 7461.7655246436343 3649.8215076612364 6745.8378742890172 7466.2711756548642 3662.0831897848225 6744.6249909023409 7472.5995493301589 3679.7233780034167 6743.0383853048688 7478.6969108251433 3696.8839674883875 6741.9958214955559 7482.2634403169986 3706.9703027072114 6740.8906462761397 7487.1073886667391 3721.3076786914148 6742.2279615492234 7490.609561064125 3734.6248287568287 6742.1663709340228 7494.9404798403166 3746.9679197028245 6742.2624327773574 7498.3638575179266 3756.6807845914068 6742.0030511957339 7501.9003073261019 3765.5697731246023 6741.9617285305467 7504.8807380109047 3773.2606840050112 6742.0046366747847 7508.9200007721147 3783.4182526737895 6741.0754220738736 7514.4763652574238 3794.8695087002779 6741.5483127166117 7519.2366752265943 3807.1611787134157 6741.7209989044468 7520.798739734365 3811.4427874086177
11 6750.6679098903633 7448.1097030469318 3616.7557300118747 6768.4956114348424 7434.4857963843879 3610.3967465711548 6776.4633627066005 7428.0090895907651 3608.2648101170694 6796.5931402072983 7409.9435061165477 3603.0074682565764 6804.8169010557231 7400.0391885429653 3601.7004531153239 6808.5211103896936 7395.3515391822966 3601.712774832682 6811.661068054018 7391.4039477042652 3601.7634706304257 6815.740498413471 7385.0287849428114 3601.7437538361269 6820.7702241469024 7369.0985303897587 3600.2482279016622 6823.2887119500483 7358.6865959092056 3598.6878259785358 6827.0903273605018 7349.0101017636143 3597.009247922173
9 6864.0488481115444 7142.5292699901274 3869.7456842021757 6876.5455189905924 7135.1224825294994 3850.3552910380413 6890.8707045799492 7127.2256059649135 3829.0698905739737 6901.2952267638029 7124.2760030669588 3816.5009174463517 6911.8714387066902 7122.4822086562854 3800.9751227590932 6916.6508841928444 7118.5357428247053 3794.0108424273139 6915.4965400496312 7113.6087672765179 3789.1987406309645 6900.233598593567 7097.6927525686942 3773.28529198869 6866.6519541356211 7105.3612770704003 3755.2536679051232
8 7206.5128249745521 6591.4152727744722 3324.1988648702318 7200.3887014110378 6586.7886335724161 3322.6157936997615 7175.1235969709405 6570.7652855385868 3318.0238650007977 7150.5716269782379 6556.3492728705987 3313.7715738405532 7144.8898424091394 6553.1322643958019 3312.8800126132905 7129.2258186202816 6544.8263043433981 3310.7583597317916 7124.7212084771763 6537.1994182564758 3308.2967486779157 7115.6739582987148 6525.8350806689987 3305.1824779675972
3 6314.2835913201179 6449.131777401315 3383.6026767846452 6325.2434360580992 6442.047195588133 3382.3899491723228 6337.1317695107982 6444.8379878793576 3376.6641471178391
2 6601.6323839253191 6237.2184066387899 3493.6893137506877 6608.3598322878806 6249.3073452809904 3494.4567607543695
3 6601.6323839253191 6237.2184066387899 3493.6893137506877 6593.6344024282753 6223.2296873645973 3492.0574772485293 6588.9242049535387 6214.9882629162084 3491.1149151764344
2 6584.923850301655 6207.8378414728004 3490.4306329365595 6588.9242049535387 6214.9882629162084 3491.1149151764344
7 7014.5854490994725 6979.5047330250063 3262.940434905584 7014.6029119324794 6986.4649723785315 3267.6828022975051 7010.7461846948372 7006.2119771388843 3276.8304084026313 7006.8401361196293 7016.3570006519676 3281.5464406844144 7002.1594756075356 7025.294314265413 3286.3247794765834 6998.6169366290824 7032.2847357679921 3290.1852673691969 6990.3070768217558 7046.6584250797669 3298.1374209589467
2 6862.0116231794327 6852.8458799065138 3577.4195629022142 6867.5623582314693 6847.7088401626197 3568.360653585436
3 6862.0116231794327 6852.8458799065138 3577.4195629022142 6837.6217686574437 6850.7325450618491 3581.2803602306617 6831.2047645580069 6845.9906427428677 3578.7568110477223
2 6867.5623582314693 6847.7088401626197 3568.360653585436 6872.5402341203317 6841.7959859330695 3551.7224853964935
2 6584.8064033922101 6207.9099252240485 3490.2002582951709 6588.9242049535387 6214.9882629162084 3491.1149151764344
4 6811.4341668347888 7253.7367007150606 3589.356913546736 6811.9303986483328 7259.0285202993873 3587.29389638354 6812.5094541014232 7264.4860118038732 3584.9732339545494 6813.3593715392217 7276.537141848733 3574.6218545364891
4 7055.553870711301 6552.5716807576473 3341.9466414360522 7083.0746991693322 6547.7237490858197 3321.1832278335569 7097.1874653215636 6539.8930011668053 3314.4846978392725 7115.6739582987148 6525.8350806689987 3305.1824779675972
11 7055.553870711301 6552.5716807576473 3341.9466414360522 7043.0693842738656 6542.2352740229489 3353.2677022761486 7037.7612430221498 6535.4002274108734 3357.5649884049822 7028.8184658983218 6525.3133805172811 3363.0766212104622 7017.8536819871806 6513.4345396384906 3369.0057262100681 7009.815065802868 6506.1493360592294 3370.8208661996691 7000.9106067431794 6498.8266169056042 3370.6073243518854 6991.3751292518136 6491.3329661627859 3369.7814869093359 6977.3395309004372 6479.3127725383665 3371.0649175253598 6968.1412158955181 6472.4693051394215 3371.6122550276864 6939.7596216335824 6463.9944154602881 3361.7991128527287
3 7055.553870711301 6552.5716807576473 3341.9466414360522 7054.947132559586 6571.0473943392981 3338.8356204693837 7051.6086568536948 6583.1660585727486 3344.1743321967092
10 6778.5124492851583 6449.8590440394155 3357.1085552862478 6768.0557435239471 6452.6893449830895 3365.1671047582081 6757.3553161558548 6454.4140851288821 3376.1004335636703 6746.4141573442284 6453.094668192256 3387.5761449550446 6739.4240967388396 6451.9050183168683 3394.8470880168688 6728.3559376961421 6450.0334300997411 3406.3578640575729 6716.2149812238868 6446.5044841029503 3418.8356944683269 6708.3294104107745 6444.138137529595 3426.4586794571237 6703.5279848133687 6441.8977024357882 3431.1515228654252 6690.1091932070622 6439.405334033233 3437.8787129552175
7 6778.5124492851583 6449.8590440394155 3357.1085552862478 6796.5851592268846 6446.5697369485997 3354.5012340184489 6804.9393965364316 6445.171683764559 3355.0996115159846 6817.712091556512 6447.6374883230092 3354.1710052972876 6829.8790308734269 6448.8246153845721 3354.1489624340193 6857.2618944462329 6452.7693646983253 3354.1123302130236 6877.3438171397784 6453.5850784598733 3357.4883847826854
3 6807.4611099445619 7265.2045436917006 3549.6323343985173 6809.695418715537 7270.0295470761776 3558.4440398354809 6813.3593715392217 7276.537141848733 3574.6218545364891
2 6942.9661586729108 7002.2724787934558 3814.3604558619618 6943.2109317987934 7003.8329573698929 3813.4354252820503
2 6943.2109317987934 7003.8329573698929 3813.4354252820503 6940.8302645389986 6999.7795692903783 3816.330255917886
6 6813.3593715392217 7276.537141848733 3574.6218545364891 6816.9647365955498 7292.3401798015839 3578.0056598443803 6819.6299911994402 7303.4055209157996 3582.6950662570371 6822.5587346097545 7323.6052496316852 3588.87819537715 6824.6718786405236 7333.2990636136719 3592.0257176821806 6827.0903273605018 7349.0101017636143 3597.009247922173
23 7051.6086568536948 6583.1660585727486 3344.1743321967092 7054.7905336899021 6594.4360209894949 3355.3916283154044 7057.6006319392473 6602.1339549998811 3365.5860541278184 7057.7184858498504 6608.0174281126938 3370.1716869752577 7061.5653775923429 6616.0508844424994 3384.7452068705097 7063.1292011013547 6621.6288345264302 3393.0583261329771 7065.2687668318986 6629.6845900798426 3404.8594225988491 7067.1017931515717 6634.8261142988331 3411.7498138410788 7068.188169390337 6637.5824994056675 3415.5779249073971 7069.2435296021167 6640.1106722829354 3419.1385119084152 7069.7898526386443 6642.8345838238529 3422.4772799086163 7070.3931833328998 6645.86655847562 3426.1900551542831 7070.7575575903065 6647.7695101779809 3428.5064867190627 7072.1559826213161 6655.0409180988217 3437.3859330779178 7072.7763626644519 6662.332931452941 3445.7994857479657 7072.6716428680165 6670.6077173914146 3454.9525847039608 7072.255598124445 6675.9250084638115 3460.3699538876172 7071.9106328731295 6680.9761385104193 3465.4984157000608 7071.2209229832524 6690.2647827858682 3475.0413236861764 7070.0118144141279 6702.3865099464738 3485.2641635282057 7068.850336054792 6715.9334598492605 3491.8310558230746 7068.0634074927702 6726.9483367520452 3496.068943811335 7067.6678111057581 6742.4531367748223 3499.3962462101713
15 7051.6086568536948 6583.1660585727486 3344.1743321967092 7041.1316261448073 6590.5059557260838 3337.0423168804678 7038.2044349240396 6591.7007112525707 3334.6924766894208 7024.898949989607 6600.1843217746209 3326.9895089829201 7012.3932962650024 6607.2895861205761 3321.6285444336522 7004.1418100359288 6611.1868146023535 3318.3831861291178 6991.5798194787994 6614.6981488045712 3313.3102263613537 6976.3234571084977 6612.5133005604566 3309.9016333029294 6967.1942169721196 6610.9540613754934 3308.065854895845 6953.4253963429028 6607.954062646425 3305.5595881119884 6935.8036709855178 6603.4487930923442 3302.7512032049904 6913.4814302442728 6584.4509915093549 3304.3772334433847 6904.8605805169764 6570.3065310528309 3307.1119415348958 6899.6272338304889 6562.2411848098045 3308.5900507072406 6886.9417011096393 6536.5598694902928 3316.7101006980529
8 7117.0798942193987 6446.7754139709468 3278.6554346371572 7116.3901429805301 6455.740969367841 3280.4456708870721 7113.9231079334222 6473.9287720253496 3285.5407831887678 7112.5700316596385 6484.100907835008 3288.6200561627638 7113.3562573147592 6492.1425724839701 3291.6447565374542 7115.286027680032 6505.5791338307226 3296.8087205152151 7116.0672824740877 6513.556119918112 3299.9766319635755 7115.6739582987148 6525.8350806689987 3305.1824779675972
25 6370.6372069803629 6402.7903676776714 3421.3969816097065 6403.9241568614007 6408.9858146360966 3429.4477546020389 6412.6072544353665 6412.3961734759996 3429.8327257220703 6426.9854854283822 6414.9869017332558 3433.2362468435676 6442.2360425783845 6416.402646546695 3435.4959260540968 6465.4501250272115 6417.095566000562 3436.7927011823399 6480.9062923807951 6416.8349703046515 3434.402536129382 6491.2568138784072 6416.2732028958417 3432.3548460859597 6502.7075900316649 6419.5251371136801 3427.3566806855524 6510.7900648650975 6424.1078877214313 3420.7207637057627 6517.0134140503496 6428.6831410204095 3414.3725916090061 6523.5421259322065 6434.2910957570821 3406.4353997471462 6533.1882072391572 6446.6050380374745 3395.2867428228415 6538.7266909755481 6453.735900539763 3389.630637309102 6544.8447574603306 6463.1529247529343 3383.950975954077 6548.8928903007218 6470.9463594989356 3380.4974469866734 6553.9637451482049 6483.3945910401007 3376.6032546684255 6558.4366393323717 6493.9453458574053 3373.3366389246362 6563.4605860507918 6503.0277233905799 3370.1153158100724 6567.3387340426316 6509.1936139660729 3367.6738125092415 6573.3988618113508 6520.347811849093 3364.3457741032839 6577.5771918936452 6526.2626022963841 3361.8494756809905 6580.7427312481232 6529.8978934264187 3359.8352755176866 6585.3191900395086 6533.6936223486537 3356.5721643321676 6598.6669958765733 6546.1210941007312 3347.345637083989
5 6370.6372069803629 6402.7903676776714 3421.3969816097065 6358.4795179976154 6413.3638467940345 3405.8152014493967 6352.9159729228186 6416.5416885597906 3400.382853862975 6346.6169292085478 6421.8141053324516 3392.3836666396592 6342.3045778294309 6429.088347389863 3380.4166691765818
6 6829.3898107665345 7135.1275382715376 3500.7889114764812 6832.4767301023649 7134.2441673686944 3477.9013064811056 6831.9535663905372 7134.6450559602808 3467.2568901097957 6828.0051117960611 7135.8093192865563 3447.7000101025869 6825.1269105160491 7136.4403694148959 3435.4137489965724 6824.2358598479141 7136.6197490693194 3417.2370269241087
17 6829.3898107665345 7135.1275382715376 3500.7889114764812 6848.1851268139535 7130.8760137073959 3508.8445825108793 6855.3185504681333 7129.3989396124452 3513.2402721962858 6872.0365651759348 7126.5229943956338 3524.6344457811647 6879.0205722734245 7125.1451628761606 3530.3500502456473 6887.1805413952216 7123.5934374136295 3536.2704134841333 6893.6072854972799 7122.407855783651 3540.799030530733 6900.6056260812384 7121.1323252374004 3545.6886408252126 6914.361340295347 7118.6663078808824 3554.481268503102 6925.7034125346672 7110.7833933269812 3571.392596308362 6930.7260831310132 7107.2929521848864 3578.6356245424195 6939.5988191769984 7100.5963596158153 3597.9525232491023 6946.1584838915442 7097.5951856873189 3612.7960871467694 6953.45064856925 7095.9879416065087 3627.9818373234793 6971.6478287909222 7092.8416226517265 3663.1599793509886 6988.3173471347536 7087.3142240993666 3681.8414980299654 7020.2137578641177 7074.8611335126116 3678.6126072396737
24 6829.3898107665345 7135.1275382715376 3500.7889114764812 6817.3009576124186 7138.3715439768139 3515.4549358370068 6807.9351875922439 7141.0304809637573 3527.6600310854146 6801.2066174861975 7143.3655998704508 3534.3975505150788 6799.0535973180768 7145.410934761162 3541.0230089758488 6797.5161282199724 7147.4628660347153 3548.0337056916278 6793.8712650043772 7152.7082620572819 3564.922477329088 6792.2221101539717 7158.3128392771869 3581.5803714382209 6791.8443901791516 7160.750500036117 3588.0915974634295 6789.653198981694 7165.7327133137869 3603.046255458104 6788.7132357344772 7169.1787357208395 3619.5979876710585 6788.9884513856878 7171.0441295650899 3636.1161225278197 6789.2293226994398 7172.1097250586663 3646.6572628511699 6790.0751066851508 7172.2621632058945 3654.2638813519152 6792.4999782246787 7172.1684369478344 3669.166854053035 6796.1808594657787 7171.4446480516917 3681.2643380777222 6801.3466413173483 7170.4975138910495 3690.997951872208 6812.8703211775355 7167.4666797303953 3708.3098560339654 6824.5416155250305 7161.7586599453789 3721.8528242196553 6831.7722091084479 7155.9564375603222 3729.901495904604 6837.9022127940298 7148.537039508964 3736.2768663776351 6847.8419924937216 7136.0256420527676 3743.0086273648863 6853.430805022731 7128.4339604063271 3746.6419294815018 6866.6519541356211 7105.3612770704003 3755.2536679051232
14 7067.6678111057581 6742.4531367748223 3499.3962462101713 7063.1837005655007 6740.7774768888739 3518.7438812081041 7061.5718200460642 6740.2036496027422 3525.7881034645884 7060.9181689574234 6740.6574487721127 3529.1069103285377 7059.7180016454204 6743.9426461489256 3535.7002011871332 7058.8164957857007 6746.4988684949012 3540.3401490318306 7057.3730879867317 6751.0446560023465 3546.3732558855918 7053.6939530588406 6765.2977880942144 3554.4501809889866 7050.7431764646944 6774.3246745328752 3558.6317023395254 7042.3160987465371 6795.9196641748485 3565.0616351343265 7036.6728951120658 6808.7861098810836 3567.2655460739588 7031.2962445803996 6820.8762905974099 3566.061953430441 7021.0773166664512 6840.4770412428743 3564.9715629591979 7027.9550500754294 6856.8215092440132 3563.5445727362085
16 7067.6678111057581 6742.4531367748223 3499.3962462101713 7069.3993740792821 6752.3011604624489 3492.7789168022719 7070.3134205426395 6756.9753920059875 3489.8510989013948 7071.4570798328086 6762.4558545779046 3486.2740907595166 7072.6760157963754 6768.5544741391468 3483.5254373695634 7074.5723663323306 6777.531274042859 3484.6744765775479 7078.633410012787 6795.3631288139586 3490.5370676343769 7079.4103754932612 6799.0733107846518 3491.8106584680309 7080.147595485807 6809.7225986385711 3496.8416250882574 7075.5955477839861 6823.6407850617607 3508.4985874289382 7072.887288407489 6832.5317918475803 3515.6994625447455 7064.64074191086 6843.2312856874778 3527.120125243548 7059.587113774709 6847.9798937876594 3533.5892093263737 7049.2627615633282 6855.2419620947248 3545.3639397903612 7042.8829752797137 6857.742922490067 3551.5884593068222 7027.9550500754294 6856.8215092440132 3563.5445727362085
5 6886.9417011096393 6536.5598694902928 3316.7101006980529 6894.1573311274215 6510.368856232526 3326.8526911965878 6897.8272971857314 6499.2457031320264 3331.5822194063776 6902.6565623731585 6485.6462437425444 3337.6967255756558 6906.6820905912928 6463.1737575425996 3353.0306270151577
28 6827.0903273605018 7349.0101017636143 3597.009247922173 6865.0772397325454 7350.8736523845628 3605.0043608386932 6878.3597803412804 7349.6212302970644 3606.6195293081823 6887.6397832117746 7345.7719037952193 3608.2562433632916 6903.1701887838062 7337.4088392812246 3611.8280916263393 6912.056147387384 7331.8749627445195 3614.1469649161295 6934.4438905280704 7316.0324528060637 3620.784659446485 6962.3567265658385 7294.8088208554072 3629.9241156600597 6978.5085787359676 7281.710042121219 3635.6510573971732 6990.4437281969367 7271.6176902349089 3640.0794221429669 6996.2909947331627 7266.4413337416572 3642.3686374500494 7002.4417673784965 7260.462544452962 3645.0703267659105 7005.8994358677892 7257.0785650241369 3646.6017105555002 7016.4613691256618 7246.7112837959139 3651.2961774188516 7028.4518319278895 7235.2588320764298 3656.4455449907259 7034.0614838445999 7227.6917582599208 3660.1104910096565 7036.0518746876523 7224.6542337516994 3661.616653332685 7040.1010374126445 7216.095277562873 3666.2000961344238 7043.1185696428847 7209.7747736022902 3669.9957590920149 7045.3140848234143 7203.7369125031973 3675.7821805014778 7041.8963394095654 7188.6009605210666 3684.1198125566161 7037.9922733568783 7176.378973378015 3690.4643729569639 7033.2314407718486 7161.3740091150139 3695.3325814649688 7029.7537416657569 7145.0033179101993 3696.4788814034982 7027.5444817390162 7136.277666775607 3696.5586443480825 7026.0630424777682 7131.4478394919224 3696.9471715809805 7021.3630666496965 7116.9955946912178 3695.6863896624172 7020.2137578641177 7074.8611335126116 3678.6126072396737
2 6342.3045778294309 6429.088347389863 3380.4166691765818 6337.1317695107982 6444.8379878793576 3376.6641471178391
2 6877.3438171397784 6453.5850784598733 3357.4883847826854 6906.6820905912928 6463.1737575425996 3353.0306270151577
2 6906.6820905912928 6463.1737575425996 3353.0306270151577 6939.7596216335824 6463.9944154602881 3361.7991128527287
4 7027.9550500754294 6856.8215092440132 3563.5445727362085 7022.5664067346152 6867.64304367564 3571.5193261052796 7014.7816979911786 6876.0929325333518 3580.6256518738328 6998.4410626069102 6886.6163313703582 3592.8051345573413
3 6998.4410626069102 6886.6163313703582 3592.8051345573413 6982.0710004189577 6907.378988849443 3614.3362239058429 6971.8557267489141 6911.3038764535322 3619.6505687231647
2 6866.6519541356211 7105.3612770704003 3755.2536679051232 6895.4553951930384 7050.3057511300058 3746.1130427595835
5 6895.4553951930384 7050.3057511300058 3746.1130427595835 6909.6325824974028 7043.7980918340972 3742.2535489909492 6915.4763824745733 7042.4902379839286 3742.1191707738894 6927.1502520902777 7043.3408266372116 3742.0927278504569 6948.1226486033065 7045.6283149334722 3738.5929152375084
