5 4056.415579664842 5079.4193986473992 8827.588664146524 4045.7178459214747 5078.12077404311 8823.4541933323781 4027.6623538247272 5077.2459928279541 8816.7435380609459 4017.9545427327043 5077.3514368533652 8813.0100942143326 4004.3145964802843 5078.9036881042475 8807.9909296573605
8 3843.6455474700233 5452.3102781774023 8603.6042862002196 3851.3832170034748 5460.9835660525023 8601.2919601109861 3877.3095455111511 5495.9592848630082 8589.2998691280882 3885.8971716525243 5509.003502734352 8584.1349668247676 3894.7236683055103 5521.8977771899054 8579.5391974149516 3907.0697590134432 5540.2787818510669 8577.1239210921121 3912.0749232172802 5549.7632166609901 8574.0822925950324 3920.6602470729968 5564.3567254131103 8572.1339442842436
7 3843.6455474700233 5452.3102781774023 8603.6042862002196 3826.0172190510007 5445.3759980778741 8591.3669716539698 3816.6576777995388 5441.083241480892 8585.9527968290859 3808.2206417170901 5439.3670271774781 8578.6770101292186 3802.5451855376368 5438.2212010540279 8573.7724051513433 3797.2811199508474 5437.3945191208686 8569.833171645103 3774.3558366240932 5433.4727632565337 8554.6674490110381
12 3843.6455474700233 5452.3102781774023 8603.6042862002196 3851.5358994849198 5450.377928624087 8616.0181586922681 3857.9531657161529 5447.8625990835562 8627.5606664848965 3864.7925147149276 5445.8142854151029 8639.695667295884 3869.1361213737814 5444.3312957821536 8647.7731179054335 3875.153822746041 5442.5624331261806 8658.573421253026 3881.7162867417123 5440.5539418630669 8672.00333091213 3884.6055920571771 5440.384396673925 8677.8603416400729 3887.1569191938024 5440.6478473536145 8682.9585173503383 3889.2497533267556 5440.7583573029769 8687.1521953538995 3897.7447982914468 5443.7363795093988 8703.550849472047 3901.9150511276284 5444.2879452704874 8711.4041932072087
40 3913.5256811953004 5431.788686066945 8731.6723586788485 3924.0647640838183 5435.6856852776255 8747.2805094857777 3928.4325377439563 5436.7308616748269 8753.4672637177973 3931.430893490653 5438.3713685773637 8757.5825433545106 3939.5963810514695 5439.8824705027846 8768.9095951785057 3943.1545604305179 5440.5666784075493 8773.5498236404273 3949.3735852472159 5442.0810676542606 8781.5011551039534 3953.9192039492555 5443.3302578162838 8787.3863822766962 3956.6372161711888 5444.0491201112181 8791.0778762794343 3960.536077785584 5445.0575333775942 8796.6629226676596 3964.6422630011634 5445.8741765890873 8802.8444054371248 3968.0236664555146 5446.0995143217515 8807.5752408924673 3972.8628840618135 5445.747483363004 8813.5370371763565 3978.6072131615224 5445.5344049179403 8821.5195016997677 3981.7329186033921 5445.4917166406012 8825.9789046464539 3988.1063871587417 5445.0744686601292 8835.0028563720443 3994.1181312994718 5444.5450882482692 8843.404033277644 4000.4381340941854 5443.9377357440726 8852.4942237371197 4004.3192209619924 5443.189365582165 8857.2479314198044 4008.6129849199538 5442.4449669375217 8862.9299683288355 4014.482759917671 5441.4155476742135 8870.6380048861629 4018.380501090799 5440.6887531885131 8875.9791769094791 4024.6050616959851 5439.2651603616032 8884.4921771542304 4027.0477294668963 5438.7013767887784 8887.8260084234607 4033.4561499788269 5437.2077152013708 8896.6575247321016 4038.3530099238665 5435.9033236863597 8904.2028491931596 4043.3133706227727 5434.3562863895067 8912.9741603910134 4047.5199878773606 5433.1766907502761 8920.5327341420889 4049.5130738343687 5431.8188834267994 8924.7830111983913 4055.2586038550339 5425.7576103801393 8938.0005515503017 4059.7494831826393 5421.0547097199542 8947.3610558822947 4062.6069995482467 5418.2381091659563 8953.1368219997003 4068.1610910611303 5412.8765190560507 8964.1216949978134 4073.9315430638685 5407.5462362114713 8975.0280781991987 4078.8226411979831 5402.7947376337161 8984.842363443573 4085.183539362803 5396.0065726134389 8999.0346422250004 4088.3577267433857 5392.8141664854375 9005.8458254413108 4092.9648134750555 5388.2582824813717 9015.6777123921493 4095.6447357827387 5385.5812892678314 9021.4781715190493 4096.470329677044 5384.8572683713483 9023.133730320722
38 3913.5256811953004 5431.788686066945 8731.6723586788485 3908.1438778913894 5419.8103152389276 8724.4644349213631 3906.8806927437254 5408.5094733353499 8723.8132339998447 3906.4086476426778 5399.0313242552793 8724.1601029023168 3906.0298115546066 5392.0362390581258 8724.0409304357963 3905.5796934095038 5381.7374970816782 8724.0699886314087 3906.890838908299 5363.2116675886627 8723.5948777042504 3907.8056344671436 5353.9586755257451 8723.5355518796969 3909.0878422552983 5342.1852473923254 8722.9777384368736 3910.2051205983194 5335.1829929429705 8722.9226569852271 3912.2905195921794 5317.1868649431981 8722.5558660045772 3915.1342749581563 5299.0065498950917 8722.9211908009238 3916.350537784474 5290.9871334601621 8723.0207926680432 3917.1239698191484 5286.4302962600441 8723.1413788300597 3918.1763322915349 5280.5448082271832 8723.3988015097639 3922.1712449872502 5261.5564913733315 8725.6914491512925 3924.142591543357 5253.0260319392191 8726.9589413497306 3926.2058974036881 5244.3746069554654 8728.3181265269759 3929.9941130821135 5229.1150312182172 8730.9166456231578 3931.8838942031616 5221.5012035287336 8732.2187633687536 3934.5120870694864 5211.0197801389013 8734.0242655280254 3934.932432592992 5209.3246365124169 8734.336163445163 3937.7369885128637 5202.2313830960684 8736.3136942262281 3939.1710634038172 5198.5402157790395 8737.3345862705373 3941.0970245503595 5193.6066282498914 8738.6971262304305 3946.0700782519439 5183.1035386546846 8743.0304572265431 3950.7173310526509 5173.2092519297275 8747.2285837298259 3951.9708046050246 5170.5402771620602 8748.3624452330077 3955.5872116859673 5162.8407213051587 8751.6330785249338 3959.6752747104929 5154.1027480506846 8755.3260191475656 3964.7320202655592 5143.8608285664923 8760.0490702110819 3972.9349585193136 5128.092876417857 8768.3972118951424 3979.0850372000973 5117.5799183650151 8775.7252866236231 3983.38117551389 5108.8054229655809 8781.6143279010321 3990.765588666849 5094.7178023431507 8792.5501256114821 3992.6507563613936 5091.5996883991793 8795.124058199417 3995.3427225152664 5086.9531197994975 8799.0875648650381 4004.3145964802843 5078.9036881042475 8807.9909296573605
3 3913.5256811953004 5431.788686066945 8731.6723586788485 3906.7384457973494 5435.2781969668004 8720.2174241810844 3901.9150511276284 5444.2879452704874 8711.4041932072087
6 3901.9150511276284 5444.2879452704874 8711.4041932072087 3907.2150107682414 5470.189958295131 8721.6886025851254 3909.162301414402 5478.8539825970065 8725.3860532718772 3909.7041230471441 5487.2668507868739 8726.6171497374089 3908.1179851153283 5503.7998201980945 8727.8762502914833 3905.4591551012149 5524.2252864295233 8728.7486133493549
9 3364.3763623361533 5346.7135939127729 8666.3206660574069 3363.1302054004518 5348.9827759231757 8661.5599469995777 3360.6808783041643 5354.135925659315 8651.5057993651917 3358.0422591553097 5363.239248657409 8636.2446385328913 3356.5369916989907 5368.2765258586896 8627.6825536716387 3356.3081905020254 5378.969908788732 8613.4973028535169 3359.8868378716957 5391.0764031806111 8603.8468454500235 3361.8758980326688 5398.8885221213095 8597.5595654765239 3373.9236462212989 5412.0008448099643 8593.016151646294
10 3549.8701208206521 5446.5555252086751 8126.8523013871882 3550.4547339775054 5444.2293828236843 8134.1613739998647 3551.2407661752441 5442.788341024283 8138.7828331089786 3560.8328526942919 5437.7651843657259 8156.5984520585916 3567.5584870121647 5434.811783748275 8167.3897429347671 3574.5877269141015 5434.210832390716 8171.2787495956627 3582.1625903467175 5434.0207920056791 8174.3827875025527 3586.8680555895185 5434.2401005271258 8175.7876291719231 3596.6537035598026 5434.7668143050078 8180.6096759386646 3611.9544949787646 5435.5833644615195 8182.1717140345727
19 3872.6512976697563 4996.6915757090001 8897.3528374896687 3900.5107626634167 4991.8474284230588 8900.8630001575311 3913.7537002435724 4997.705690577427 8892.1124031146737 3919.2851371199699 5000.1831302893124 8888.4292209926043 3924.0364963045781 5002.2640184132188 8885.3352949787459 3931.5776817038586 5006.3679716098723 8879.3902568690282 3933.6703778019742 5007.9537608066412 8877.1920836779464 3945.3834687271142 5015.9922960460735 8866.4215456637103 3958.3899211797961 5026.290324148963 8853.3467398956982 3964.3837604896212 5031.4343540901773 8847.5413514098927 3967.9959404090359 5034.4109447933479 8844.2145174643629 3972.5621819863832 5038.0679984129501 8840.1708319039899 3975.9416830988721 5041.0625368963174 8836.9495750500992 3981.1658250480796 5046.6545128055277 8831.2039163959926 3990.2418948339359 5058.9504976279723 8821.4309599886346 3993.3708752406815 5064.9149057190807 8816.7021393509949 3997.3015696347743 5069.8039839336843 8813.6222281375776 3999.6103508099095 5072.0285499570009 8812.3722397868787 4004.3145964802843 5078.9036881042475 8807.9909296573605
13 3252.2319197790493 5454.7528444454592 8546.3503543394345 3272.0442299896363 5447.9191627933515 8544.050285885316 3287.5474154814588 5442.6377501229363 8542.7726750072852 3296.2769521411997 5439.7734821901913 8542.3390859912797 3304.782909970329 5436.9133031990932 8541.7970188765212 3314.2683930200983 5435.1412275710481 8542.4199083274125 3327.1118324646263 5432.8508109102231 8543.3052825635659 3337.8308029640357 5429.1687817376624 8552.7021746726114 3345.1652271170492 5426.6539242360977 8559.2591737099447 3356.1868633643276 5421.9393957727034 8571.1386416873047 3362.2972100520533 5419.8302951811247 8577.3169968307429 3371.8030070487466 5417.1886302379826 8586.4657917278419 3373.9236462212989 5412.0008448099643 8593.016151646294
17 3722.9246629206305 5474.7883867437686 8124.077895440033 3722.4501983212613 5474.2952086799414 8124.1571405565919 3722.2600777155608 5474.0985571517058 8124.1820911971527 3717.1960111884837 5468.9298105589978 8125.123748039895 3712.9768600901602 5464.6209829228128 8126.0747840205804 3710.1289013323139 5461.713850368973 8126.7321156203925 3704.6306325806904 5456.0982738760113 8128.0083082224855 3700.6647184321187 5452.0450689312065 8128.9060601573728 3696.7033859325106 5447.6431113445587 8129.8407691323755 3683.4169034512024 5440.8344630659712 8134.429106661788 3664.8479806235082 5437.1361114147794 8141.0335916500972 3657.4460175531844 5437.1031479994745 8145.5162316322212 3646.8726207297786 5437.3651446946023 8152.4917474070253 3639.6717686121715 5437.4421373350278 8157.6029619146311 3628.2592357336152 5436.4730084833473 8167.4205478387976 3622.5307667336601 5436.1327091433714 8172.495562987956 3611.9544949787646 5435.5833644615195 8182.1717140345727
37 3373.9236462212989 5412.0008448099643 8593.016151646294 3397.8522091305363 5427.5964573825449 8594.2359571770412 3404.2870915329445 5430.3846630551652 8595.9422575533663 3408.0032676210553 5432.0796877687571 8596.8415174723286 3419.2685516599063 5437.0964579011206 8599.6569105811504 3429.487031241993 5439.8105202360211 8603.3093695335356 3437.6803775262474 5441.2290497506674 8606.7406381552901 3443.9383613673272 5442.0199446389279 8609.3849367267285 3466.1339705892347 5444.2802465891573 8618.8858044752596 3477.5064596410157 5444.6439394091885 8623.7228331567858 3484.6463182333914 5443.936993513923 8626.4680637236361 3493.0186819092291 5442.7570479394153 8629.0405309076832 3505.2525245614092 5440.5604977406138 8631.8016305671426 3530.0583116021435 5436.6833365692755 8632.972624196118 3544.9884271406331 5434.4748044408152 8633.5007243659857 3559.4237933668569 5432.8785302050355 8632.0216102667509 3573.1394365211031 5431.454730687381 8630.305193830327 3583.2608884558531 5431.4118608911576 8626.8619411749714 3591.4334512428277 5431.2248783083523 8624.328336852248 3604.0090920053849 5430.9121648108703 8620.230543358246 3633.456094863654 5430.0724727139286 8610.5295746165284 3644.5188719860885 5429.7136657227093 8606.7383074235877 3657.5203116837056 5428.8987618398678 8601.4467247684825 3668.5525685685898 5428.0938614229281 8597.0070134172256 3673.0760554952058 5427.6588304839333 8595.4764272260891 3678.6313032551102 5427.0734691346888 8593.8062489485856 3684.7440597582658 5426.4122026371542 8591.5180205545421 3696.6886439461123 5425.2067770638441 8586.972417702189 3706.6161680044897 5424.4833808373205 8582.6134593481547 3718.9303179623371 5424.5280810899385 8578.4812908095864 3726.8206175955861 5424.7170361483531 8575.9132300137244 3732.3489749119226 5424.9383474400111 8574.2425196577224 3740.2957613887097 5425.3330277551795 8571.8888371608173 3749.2498478619636 5425.9950460381078 8569.3359966296084 3754.390059015419 5426.5826310036055 8567.9119430523879 3757.0970428385031 5427.4906557099121 8565.9992141414004 3774.3558366240932 5433.4727632565337 8554.6674490110381
45 3611.9544949787646 5435.5833644615195 8182.1717140345727 3618.4802298902737 5435.9559119589039 8196.8114874076491 3622.7854936825929 5436.2132505385925 8202.9243162696694 3624.4200236611064 5436.3686341885041 8205.8938587739103 3630.7084216001026 5437.0797700046887 8216.0569951347643 3636.940667804136 5437.8543157204967 8225.7619764290957 3643.9095016359015 5439.0280522164048 8235.4164188088471 3648.572970493974 5439.7928287926607 8242.249751726602 3654.57754331154 5441.0996149434768 8250.8826657749996 3661.5406128280879 5443.0597488635931 8261.1220969719998 3667.3755078591726 5444.5609369635886 8269.9715226411408 3670.6863730295568 5445.6167184861897 8275.1867035869345 3675.2616288599143 5447.0878221625417 8282.5019565414223 3680.8948246463028 5449.0080302299048 8291.7471557542885 3686.0359218475564 5450.757370368261 8300.2584590487331 3691.5392277941583 5452.934931501567 8309.0622018269532 3696.2052447885335 5454.3167142165094 8318.2493236543323 3698.7739552681815 5455.2616088553887 8322.8170312586935 3706.4474720698263 5457.0082916550118 8337.8160008181239 3712.735831518889 5458.2623779193727 8350.1508450582314 3717.7655545147045 5459.0949849701674 8360.0220525921923 3722.3908202555604 5459.7416032581923 8369.0472086107002 3724.9520588902319 5459.5897106244665 8373.3769281593031 3731.8742750037904 5458.8080314421604 8384.8086678261698 3736.2607383258123 5458.1007268399462 8391.7366723170071 3739.5043444402854 5457.4026262007956 8396.9187657102884 3746.001764867141 5455.9009504572632 8406.7843834617324 3749.9550131137903 5454.3815389968549 8413.754546787135 3755.2240734394395 5452.2851052465076 8423.3310170085188 3759.7682798857377 5450.5377499371198 8431.6600970517975 3761.6536458965929 5449.6262564902891 8436.3290153273501 3764.0204906317381 5448.9339977672462 8442.8418887992593 3765.610044944654 5448.1829925953443 8449.0718641413259 3767.5833827845076 5447.6319142749162 8455.1655475123462 3769.981722611712 5446.972030001215 8462.5021071593219 3771.3266445511208 5445.7799230462524 8471.2191239285276 3771.9380817735746 5444.4467584741551 8479.638985735146 3772.5064049463112 5442.8131605125909 8489.6754005552157 3773.2783927675891 5442.1129214938264 8494.9192119695854 3774.4162474560835 5441.2578523466418 8501.7173799034408 3775.9229258771411 5440.397904428346 8509.3689649918906 3777.5699661012518 5438.8574273323029 8521.2750823016977 3777.8955837283766 5437.5882491666525 8530.8007785600494 3778.4407459452123 5436.7027166997896 8538.4395152416018 3774.3558366240932 5433.4727632565337 8554.6674490110381
