9 8434.073776788644 5624.2145602020546 2952.1339178821254 8441.2741134762546 5610.7944497052922 2958.2335223456812 8445.5708488279906 5602.7023835767905 2961.9562777946194 8461.0872916718399 5573.1945439284591 2975.7802205259591 8473.0461058262608 5554.9723176732014 2984.8211492393971 8480.7351221533045 5543.968339891956 2989.8007143546192 8489.1542460813944 5534.1291514223358 2993.8767121714859 8507.0150234691246 5515.8568033800011 2998.3765000649128 8518.8887323711424 5505.3294212394976 3001.5030573781814
5 9602.9435656100904 6286.7890165257986 3467.821274085522 9602.7661425437964 6293.424176629831 3470.8018581685856 9608.9021197588554 6308.5232700731685 3488.6429597793881 9617.8439188378816 6313.3559868868715 3503.6786329541937 9624.8066079582513 6321.2404176104783 3520.0876816289892
4 9908.2066308989433 5856.6439148918571 3073.943441575304 9909.8567623117779 5854.4685595706924 3076.707817468533 9918.4930963712668 5840.3155734896773 3093.43924428523 9920.388139800214 5826.5239296580985 3118.0216974623954
7 8751.5223392210864 5976.9111859972181 3069.1360719706722 8757.5209814027494 5983.4413463637811 3071.2610744522149 8766.0425609214253 5996.2671392437887 3075.2538848384247 8776.9752617071426 6013.9020895701206 3080.6773362246277 8782.539619905554 6025.1972651996948 3084.8841912896892 8787.5160156013371 6036.49263970421 3088.998348489542 8804.2676183360309 6050.9468164176315 3096.1232840144808
16 8719.1717091733171 5703.2484211456567 3071.8265433058205 8742.8125675667998 5713.2506876332009 3067.8905316582736 8754.3020497926464 5716.0849460892614 3064.8244038259295 8773.2997251336365 5727.445168090956 3062.4753918231168 8787.3365634636993 5736.5028500844355 3061.2324892943061 8806.1455839438113 5754.3047930579878 3062.8902444005071 8826.5049788865545 5773.8608902670821 3063.6532225805786 8837.3299520519267 5785.6163954916556 3064.1570506535759 8850.0011291190622 5801.231506069862 3064.7461662823157 8860.4949233322968 5817.0824283627771 3065.1196682096866 8872.4654181208971 5836.2919421856559 3065.8323595298702 8883.1819206364526 5855.8543474424632 3068.0946662936326 8884.1137072589172 5867.0860588162968 3066.0993660401286 8887.2499667584761 5895.630869722283 3064.671493896898 8887.7412461158638 5906.2737051302192 3064.3802675800707 8887.4208949434324 5922.6380714641718 3060.8708586935027
16 8719.1717091733171 5703.2484211456567 3071.8265433058205 8700.2276073856829 5665.3864421266289 3060.000718401971 8687.0396452117729 5648.7786436905089 3056.3654444134804 8677.8464864035377 5638.1633278277295 3053.3031035505196 8664.851622518725 5623.9810595324079 3047.4780681854081 8651.4219590732027 5609.5209128595898 3041.6685599695838 8644.4761728240828 5602.5382105558601 3038.8166805811406 8637.5657885254204 5596.0577873742432 3036.0439492620935 8621.9099734656611 5582.7316155095814 3029.7119804628569 8604.362760119755 5568.2058716052225 3022.6515881876767 8598.5893222532177 5563.4422181963091 3020.3477010327215 8590.6451469330914 5556.744700009077 3017.0356861590499 8579.9481971110527 5548.4521620114392 3013.1783746577812 8569.8825395458607 5541.1865249977773 3010.1666226196917 8555.398175284261 5531.5423516633527 3006.9287145461467 8518.8887323711424 5505.3294212394976 3001.5030573781814
4 8719.1717091733171 5703.2484211456567 3071.8265433058205 8691.797545304591 5764.7548871296667 3106.6024892587438 8688.2662425937942 5774.3664139846787 3108.0565067705234 8678.3895420659319 5804.7399249722985 3101.6137423470564
4 8678.3895420659319 5804.7399249722985 3101.6137423470564 8667.2133001296806 5792.0451783579947 3128.7380869600902 8659.5835271083488 5789.8256960684021 3135.8077727944587 8639.5264581472748 5787.6969859038691 3146.0812389121938
27 8678.3895420659319 5804.7399249722985 3101.6137423470564 8677.9632006922366 5823.3254595306971 3088.20989732418 8675.3568251932084 5833.2061802455555 3078.7867498462297 8674.1327874977105 5840.762262305172 3072.1509382615686 8668.8837015752251 5853.3090874789868 3056.3124816957388 8662.9624812630409 5866.3912054685188 3037.3571288929766 8656.9770802012408 5878.0585746677352 3020.6715151730036 8657.6182743088957 5881.8406154374143 3014.0475172887245 8659.9808702709779 5887.8085744679147 3002.9980293596705 8663.2576443723356 5894.2951107309073 2990.7076217318254 8667.0337545016591 5899.7016453271735 2980.0857892950603 8673.7829630486358 5906.1574628533999 2966.6609524181536 8679.9196304300149 5910.227573319522 2957.2675079985302 8688.0868758279357 5913.4568742080546 2949.4588968901803 8697.8616059745837 5915.8280002320898 2946.5131892846271 8718.6683605520957 5921.1544574104564 2942.1880601412172 8738.4119944806353 5926.5176223192448 2938.8232733874752 8752.2602531255925 5932.5587152475719 2937.2456439241223 8772.3514090599929 5941.9917230208694 2936.2891621012677 8805.3795018907022 5958.1285087343622 2934.8805356489215 8837.3577608862506 5964.9796651189099 2950.2058973401881 8850.2566043000552 5965.1551400003973 2962.8828891830476 8859.3392129835411 5965.1859880894226 2973.3892245120514 8864.3818828823532 5955.0723631405999 2988.1242588351515 8872.271835013431 5944.5356898702339 3007.8806944818025 8879.0879465453399 5936.0377847787022 3029.8220844444436 8887.4208949434324 5922.6380714641718 3060.8708586935027
11 10098.625790271339 5820.4284283530133 3035.3547907132474 10093.272808878814 5818.7948647020103 3039.15685169885 10086.737002603943 5816.9358299489768 3043.8867645783866 10067.978452385392 5813.4608217330524 3050.7277057233969 10036.868997604595 5810.2391161936766 3065.0066616565719 10017.152211111303 5813.9721501845925 3075.3486676509324 9997.9380077851056 5816.8417840819748 3085.3102275236847 9985.9384692335316 5818.6623700502532 3090.6278407884197 9967.6424813124449 5821.3000266582167 3098.3080119603615 9945.7365127014255 5824.3958528751855 3107.3429063735348 9920.388139800214 5826.5239296580985 3118.0216974623954
11 9584.1861586803388 6013.6819500675356 3436.3503913184318 9577.3003687625096 6047.4635280692819 3415.6562633891081 9572.016700382228 6063.8530759526629 3399.7438641970602 9567.4057347835205 6076.0115623964793 3386.0733037025539 9561.3620284333847 6087.3956206599432 3373.8682139784519 9552.9895413258637 6103.2312866834118 3357.0209496124621 9546.5109138341668 6114.5500773299918 3348.3093128846822 9543.3580063235022 6121.3162341977395 3342.260310488296 9542.4547794347236 6129.5973889402685 3330.6034419042103 9541.1602163107291 6143.9145392943683 3310.0719213343364 9545.3551003312004 6150.9813200124008 3293.2553992619482
18 9584.1861586803388 6013.6819500675356 3436.3503913184318 9554.9437340443528 5999.163533985291 3446.8179680892972 9526.8164818654659 5996.8252597029323 3451.5810667399614 9505.5871731841326 5995.3215722897403 3453.0937582781867 9496.1778743768973 5995.5241275775961 3453.2796779130522 9476.5417940462976 5996.4339740199794 3453.6802123118769 9448.3941868601978 5999.6712968821857 3454.731187692938 9430.9069647776869 6001.9153849804361 3455.5479217534767 9408.4741524190358 6005.3051326897548 3456.829531115739 9394.5724399516221 6008.537988998899 3458.5628805633296 9382.1636824077104 6011.5470579622643 3460.0819702047979 9367.3923735464014 6014.7754127094095 3461.8643034490933 9340.1376798097899 6020.5186884897439 3465.2566871774739 9322.2798246597813 6023.2278031704282 3467.2442208699422 9302.9507881299978 6026.6257713476298 3470.7359198416766 9272.4849658908388 6032.2744665009304 3478.9481659215003 9254.8290900868033 6035.5087667946109 3485.7502904099692 9227.0781059268011 6039.8072973889939 3494.4964196066412
30 9584.1861586803388 6013.6819500675356 3436.3503913184318 9614.5767605365745 5987.0439736970684 3444.1944807264526 9642.8078565302094 5974.5490291854139 3441.1395946124903 9665.7945520198937 5963.5783287777676 3436.0192011988634 9678.5613320622324 5957.2086967432169 3431.5503310134045 9697.0155956382623 5947.4833148908338 3424.3119940551592 9715.1460057278437 5937.6898567420458 3415.2019945114766 9728.1655623914412 5930.2803728373028 3407.6823264611776 9746.37855218195 5919.5339617786321 3395.2482161019611 9761.130072791846 5909.3311552400173 3382.3701941060926 9775.0911386994485 5898.9288186158501 3369.1703483754172 9784.5179470870044 5891.9580097424141 3360.031160317626 9795.2109921826905 5883.560851177851 3345.9046887236623 9801.884480886516 5878.335363187688 3337.062067363956 9808.9558696847544 5872.7982127798214 3327.6858275713475 9820.9957316784294 5863.3164450871154 3311.4981259839387 9829.3230795987802 5856.5838870573025 3298.524666702865 9834.5334413374148 5852.383831150074 3289.7820604040517 9841.2346461602392 5846.905041409882 3278.1639907613121 9848.2967547908866 5840.7877796740204 3264.9272849376375 9852.8257627316834 5836.5021133292148 3255.5083477271633 9860.9335148076207 5828.0887951096283 3237.2734978398166 9866.3583106609058 5823.8438503581965 3225.1618776953233 9871.3737645420661 5820.6750563840642 3214.3227616291742 9876.9714218524132 5819.3198036921958 3202.3492445441839 9880.5197962187322 5818.0575032852803 3194.1869992972956 9887.3625876581846 5816.5107281430819 3179.2532883711883 9903.1584143811342 5816.5851887932859 3146.8801806256665 9910.1086878694441 5820.4594123926227 3135.3450853131799 9920.388139800214 5826.5239296580985 3118.0216974623954
9 8474.7858115120271 5426.8624999644189 2992.1856160655429 8483.4605550003034 5411.8039215626459 2969.0993982927071 8495.6969642206095 5396.5142407967805 2940.2101288687222 8499.4684429156969 5384.6583723455133 2923.7851431982072 8500.7343399168039 5379.0396886698445 2917.2570467823512 8503.4705827841735 5371.639855065132 2907.7878299578642 8515.0341357283651 5364.5440425274355 2892.5914027337531 8523.5048658234009 5362.4132405437886 2884.0650328076281 8529.9209842338969 5362.3485784873201 2878.2952724266124
4 8474.7858115120271 5426.8624999644189 2992.1856160655429 8491.4332344331942 5464.8869935550956 2997.8754760764173 8500.3267753317923 5482.0202388218186 2999.3439795866448 8518.8887323711424 5505.3294212394976 3001.5030573781814
25 8474.7858115120271 5426.8624999644189 2992.1856160655429 8448.5193595313904 5405.0572255778779 3011.7000697830076 8439.2979824886861 5399.4849872343939 3020.1059537067208 8430.8693433588051 5394.460370006288 3027.9002997707867 8420.781227390944 5382.5460432810851 3035.3392789930076 8401.635593209121 5354.7238682247616 3048.1524213463476 8385.9606647170986 5330.4351989888537 3057.0953467438485 8374.4906179058435 5312.4480405620952 3063.4248506384611 8363.2050246584367 5294.7421763636748 3069.6222071447874 8355.1354840131662 5282.8381592637879 3073.8534849479965 8347.5815838567069 5272.3486163789412 3078.136029623558 8336.5282417432682 5257.6907016831174 3085.0374026113536 8322.5474918104028 5241.7725204877033 3094.6816570558071 8315.8163896267815 5234.1167512277098 3099.1947802380673 8313.0409728562463 5231.7379552299826 3101.0724592911406 8304.2204894872211 5226.5083052869386 3107.0313446542546 8295.4603225059072 5221.7775436061629 3112.9939846380967 8274.6287188892438 5210.7671348706708 3127.0633168709664 8257.6229977801522 5205.9344525963497 3136.6961502835911 8243.6750907110145 5202.669251109066 3144.1646596184778 8230.3423457945773 5199.6388365770235 3150.8857457188874 8211.9397916668113 5197.4279066686804 3157.7236557314682 8199.8794954820478 5197.5492844917308 3156.8902233714916 8182.0378198767285 5200.2716342202084 3152.2698860350488 8151.0795122775171 5208.7529765058171 3145.937971218098
49 9237.1948293862624 6095.0177212573317 4255.7315700381496 9232.784105184799 6092.582267802296 4248.228694259331 9231.2939855671648 6084.7575586659977 4236.7680308506951 9230.5182014343827 6080.4616825480944 4230.4307441419342 9229.8493520582379 6075.7509992848609 4223.2801760087777 9228.5427704338053 6067.6337226677697 4210.2463805525231 9228.0337206330369 6059.1503433601856 4192.2345150628262 9227.6913961413993 6053.8070866813296 4178.5319703766418 9226.920261571544 6049.0685399139711 4157.200893683058 9226.5309421743732 6044.6490092125296 4144.2294210837081 9225.6649509502149 6047.4329874780351 4130.5580326849522 9224.716512818226 6052.0778331887022 4117.5526478661768 9223.4795416061861 6059.8026630308614 4100.4445899261345 9222.9335425317167 6063.3868645415614 4091.9403717496057 9222.4289333989127 6067.355829661451 4082.5858135034032 9221.7526435977197 6075.8184973848493 4062.5466189963322 9220.6762404647125 6091.3374253549737 4027.8520213556571 9220.7243489001721 6093.7085874714112 4013.6088886262273 9220.6797929717286 6095.5938954966441 4002.2708718707522 9220.1083292580024 6098.6171188028356 3986.9746047171207 9218.5744507368963 6102.944284979535 3965.5318447906243 9215.0688264460223 6108.8083298021375 3946.1598650494325 9211.7805615183825 6111.8186385248264 3933.8162166027091 9207.5487257669756 6113.5391466673436 3921.290271813642 9199.8275441842216 6114.5360289944429 3900.3661637289201 9194.2119024667572 6115.7609584267921 3882.824298104174 9190.7618463240342 6116.947518440862 3869.6209929226034 9186.9740241702621 6117.9895107458478 3855.6659448118367 9182.1991493716887 6119.2769439443364 3837.8629028156915 9180.1981356817723 6119.5426126433285 3828.881230237098 9178.5457178202068 6119.798866902318 3821.5977978448082 9175.3520585968326 6119.6743790012652 3807.7919869064231 9172.2896008787739 6117.1212268193804 3795.1261873762292 9170.6234250372327 6115.1355232098094 3786.2241903978429 9168.5832173246963 6112.730505898403 3774.7356483004746 9167.432501290712 6110.8137562036836 3764.6997585306167 9164.8277016491575 6105.5367046072734 3736.4540290849095 9164.4478457712084 6104.0123012367412 3727.4101564862617 9164.3811741460941 6102.7906431091578 3717.9400542217941 9164.0601459907066 6100.2173858601082 3701.7925276946303 9163.9745008704958 6096.2023890568416 3684.9328190976298 9165.7286749317027 6091.7449673714609 3664.2322765662316 9168.5106369291661 6088.8104227580297 3651.8845371557613 9176.7439037872409 6085.6053094202771 3635.4427558487018 9186.2710345922296 6083.0698442620733 3618.4862379014908 9193.719707238075 6083.7296367296904 3610.0514976395962 9199.2682817412333 6083.5862967917865 3602.5811258243511 9205.6596202955388 6082.89538056728 3593.0786461478824 9226.4296328020155 6091.1583253428298 3579.9245190867937
10 9624.8066079582513 6321.2404176104783 3520.0876816289892 9621.3869561617557 6331.0214256849895 3525.311609547105 9619.2734022221575 6336.1325465990894 3527.9672420470547 9610.0292338868694 6350.2204238987561 3532.0580658445974 9597.1726200035973 6370.063415130704 3541.6764387308417 9587.3972125551099 6381.1914822033859 3550.3609480935734 9577.696513549512 6390.2977389664629 3558.0412178673932 9573.0451224691788 6394.3057939693699 3561.5484195356394 9565.5617523027086 6399.2363469606862 3566.8689721158808 9546.0742959009895 6408.8142645269209 3578.145772635321
4 9624.8066079582513 6321.2404176104783 3520.0876816289892 9639.2621401202869 6307.5729343563062 3524.9597955545114 9650.308764383004 6300.048515449721 3531.7318706555711 9664.6011091709224 6284.1767001831622 3536.2753658891511
3 9546.0742959009895 6408.8142645269209 3578.145772635321 9569.7778903984417 6428.2769761917116 3593.0570122452195 9596.598787729341 6443.4939725685235 3606.8944297760358
27 9546.0742959009895 6408.8142645269209 3578.145772635321 9506.3653607058786 6416.4123038152575 3590.3417960109514 9503.1168911836339 6416.4098904441007 3591.2421316652267 9488.4902870051174 6415.4137834038547 3594.4774995903022 9467.9703185357248 6412.8518478533833 3598.9652454650027 9441.1852618101002 6408.0282274409938 3605.2446482001628 9425.2672739925692 6400.6706212074268 3607.5574081548539 9411.2534234650757 6392.3444696311717 3610.8160170305432 9397.3769997211457 6382.3920317327238 3616.9835885904117 9377.2030134670495 6366.6688891470849 3626.649075520937 9360.4691105884231 6348.1386611897387 3633.6580094214751 9344.6855575545524 6321.7038123013035 3638.4392082774293 9333.1683896789582 6295.5686070770826 3639.2092025831976 9326.2824273390597 6274.297768811668 3636.1913298692343 9319.5491280504593 6253.7589298156063 3632.5352413272631 9315.8754632086984 6241.915160779914 3629.3287125412917 9312.1877415170256 6230.1261503004353 3625.5798869471573 9308.7266577413302 6219.6481359932204 3621.870340133637 9304.0588375076804 6206.8037281544066 3617.0449114539369 9298.1370319627276 6191.0904193198458 3610.9642835234199 9293.4945341827424 6180.4000622840331 3606.9883688973155 9290.0689772350015 6173.2595635430516 3604.3945184263775 9278.9138698886363 6155.9660430442354 3599.264308498497 9265.693977039884 6136.6280948670765 3593.8024412659647 9251.8339170224008 6119.9612433796647 3589.4523800809789 9236.3701585761155 6102.2595386847497 3585.3357664956666 9226.4296328020155 6091.1583253428298 3579.9245190867937
3 8775.2989158594573 6087.3014510717358 3105.7102120089171 8793.6072365136333 6076.2752235542057 3101.963852665936 8804.2676183360309 6050.9468164176315 3096.1232840144808
5 8804.2676183360309 6050.9468164176315 3096.1232840144808 8840.1353120373496 6035.7742042948621 3098.2783128869423 8851.9051824595081 6026.658170104608 3098.7064528043738 8866.016069756759 6016.1848332500813 3099.7440506965731 8895.1031103832902 5995.0477784896621 3104.5391579425736
4 8895.1031103832902 5995.0477784896621 3104.5391579425736 8894.3391022604937 5955.9881737662354 3080.9156370692449 8891.0264072975151 5939.8923052496302 3070.9088669976763 8887.4208949434324 5922.6380714641718 3060.8708586935027
32 8895.1031103832902 5995.0477784896621 3104.5391579425736 8921.4015418335166 5996.2459763859106 3121.0724799876471 8940.0558119116631 5998.7847199739963 3133.7390404155449 8950.4142031347383 6006.5427969272841 3143.5730341539438 8957.8067609198424 6011.1471413766521 3150.0300197272636 8968.9398797444919 6017.4110939325228 3159.0377530236178 8982.0945525917105 6022.4677200514143 3169.1409931992985 8999.4627206133409 6039.0289135142111 3181.8303068994464 9020.4874679144941 6056.2968188204441 3202.2627468340115 9024.1034618723806 6059.3676632647312 3205.6590583481543 9036.649247649455 6069.5517396992173 3218.2955637495238 9038.6561935332647 6070.8615917544721 3220.7039891969844 9042.3646538326684 6072.178405610719 3225.9525303566766 9048.1297127182079 6073.8219673039775 3239.3623767351487 9054.6533270417294 6072.8306386939612 3253.6763188615923 9073.3170298786517 6067.4325929655406 3286.3363918405007 9092.048556292757 6061.6401663166153 3317.2287342145905 9103.8105637812077 6054.8363642181166 3338.0998252051786 9111.1308393810377 6049.7657693390802 3351.2437023286134 9123.5444272617751 6040.2227851675252 3373.9156570054656 9131.5742006690016 6034.1889825327507 3387.9697105313562 9138.0972324488848 6029.4865410584753 3399.370023257557 9143.8924568778457 6026.3643763246673 3406.9614171829003 9148.5680999437482 6023.7950436534347 3413.1030912087422 9155.8236431992464 6021.7734257518259 3422.724606686887 9162.2890216632968 6020.6267759564607 3430.8618697823581 9168.9036009323499 6020.4051012731225 3438.3701477538075 9173.5984365276217 6020.8144107437074 3444.9560234031228 9182.5128362630094 6024.4577116569435 3455.6373312557407 9194.2242704158725 6029.4166155138155 3469.7934390679379 9205.6925144337547 6035.3724526098767 3483.8550343432576 9227.0781059268011 6039.8072973889939 3494.4964196066412
8 9226.4296328020155 6091.1583253428298 3579.9245190867937 9216.9662171191412 6076.5820169607487 3567.4518508239926 9217.7736597389048 6072.3616460936837 3559.7622545340205 9217.8178496274777 6059.7316558902103 3536.2454746697513 9218.0523777817398 6054.7288253788865 3525.8862071555354 9217.6496828924774 6051.0265804992496 3517.9937696382553 9216.9187500993648 6046.6505473008501 3508.603131621287 9227.0781059268011 6039.8072973889939 3494.4964196066412
