31 5998.229950608008 2410.3944284691333 6451.1411223934047 6018.7842272246235 2410.7830691613749 6435.718525024975 6023.38546768999 2409.3843507581646 6430.6074420587984 6021.6008708693762 2404.4947287539862 6424.0201493636523 6020.3628004526572 2401.9434828986909 6420.6248082037782 6018.3855124743814 2397.8684210924621 6415.2129202608376 6014.6199300995386 2391.5351981444323 6405.7398477189754 6011.9563114223274 2390.4568691414888 6401.5327280119354 6009.794127920145 2389.6787230568948 6398.1405520833023 6007.0841613418934 2389.3493893139789 6394.1799817209649 6003.2744863870657 2389.7857694903146 6388.9961489198577 5997.8130808810602 2391.3641272119075 6381.991748160237 5992.661863990179 2393.8537931738138 6375.7449913508217 5984.8074959554651 2398.1566546611907 6365.8106284822206 5981.825402136189 2401.0692535837334 6360.3693564846753 5981.1325281729396 2401.7773694909483 6359.0727599912243 5976.5238998869918 2406.9806231628427 6349.7884165641999 5975.520207909125 2412.8460851196805 6341.6449952538387 5974.2640829895563 2420.0720147940997 6332.0597502322153 5972.366715942243 2425.9083710654991 6325.3247372003098 5970.4817085133864 2432.3282490987381 6317.7887587936475 5968.6449702733189 2441.9823830845171 6309.5376057253852 5967.5064112561322 2448.8399910843414 6304.0428476147836 5966.4752967340319 2451.5633430904936 6302.0567677520503 5964.6854119924601 2456.5502106895692 6298.4346678748816 5961.8978541188335 2464.8664311373122 6292.4058475556767 5959.261352714735 2472.8567814830249 6286.6106772496369 5958.3046325176765 2476.2403075787502 6284.1896430102643 5961.159835119558 2487.2110063290124 6276.9031842220429 5989.7342486754133 2513.214479814791 6261.3629239801448 6003.4459716507927 2522.0969059194499 6251.4509423430109
3 5584.6672026817878 2342.0549274720761 6060.1082276799089 5586.6950251881826 2341.6786707308838 6055.5897686953294 5605.589218616039 2337.8420893881757 6025.1933318397278
14 6074.4608447374258 2547.658767113131 6246.1756222425829 6085.8492173813092 2556.7059560653011 6245.9518507946095 6095.96278714649 2562.5501789588429 6245.1444514979039 6101.942628314936 2567.7971556486737 6245.1481246390576 6107.0295879954383 2570.9832862145381 6244.8538526392804 6109.9983793997226 2572.7952266508973 6244.6748381947282 6117.2234743157896 2576.8742487216596 6244.163563122891 6121.8474392726157 2577.9031220258453 6243.4608100989262 6131.0262377718982 2580.7375687025287 6242.3110758618031 6136.0884172636925 2582.2240399061725 6241.6753076165087 6147.4206110404348 2584.8266576600945 6240.0690443601789 6157.3892830035511 2591.9063902626172 6238.0172146151072 6165.756397182523 2597.8893592793079 6236.1061566777134 6178.2566747497067 2606.7313811773538 6234.0287520996035
10 6074.4608447374258 2547.658767113131 6246.1756222425829 6081.5322236367219 2533.9864142161682 6240.7415539002195 6090.2197657466177 2525.1575342415313 6236.267327150058 6098.3664649951861 2518.1811736183186 6232.6316731964853 6110.4171400545947 2508.9780301633882 6227.6147260964954 6122.070463264582 2499.2285753474425 6222.9301637735016 6138.0457505445111 2485.4523082496235 6216.3461369919987 6142.3086892459633 2480.8483590406604 6213.3732148793142 6151.8746482451688 2470.7660333517351 6205.4907618266616 6169.8736936514269 2458.7115597881029 6200.2254641523305
5 6074.4608447374258 2547.658767113131 6246.1756222425829 6058.961602635376 2547.5028183478903 6249.8022889182275 6054.3710771388023 2548.7512358084114 6251.2328536610066 6047.8416269431209 2550.3362654758371 6253.2123648683601 6023.9508999132859 2546.3445838124471 6257.2054329673083
20 5853.9987620540169 2626.447700681173 6295.7007980971994 5854.2392827710846 2626.1141366200895 6295.6265254420978 5860.9447429602496 2620.6124701666463 6295.1270462968214 5865.4199715008408 2616.9395093333278 6294.7827437456654 5870.0506204422836 2612.9804166055546 6294.3882804665882 5881.2941363950367 2604.3663227337815 6293.6834564744722 5885.6106753187551 2601.0465581443641 6293.372611775806 5889.2548771381871 2598.2741917749272 6293.1006764058347 5893.7843273693297 2594.9745850543377 6292.7340665648644 5899.0556372576984 2591.6120213123536 6292.1663443206635 5909.3954895576526 2587.5242162387644 6291.3750397169424 5917.1307147023408 2585.8361861413105 6291.1310295240983 5930.9299558309731 2586.4084347792736 6288.6675092968571 5943.3818589115826 2585.17836337878 6285.5997511375444 5951.7421700120349 2584.2285405541461 6283.5302731515649 5958.6947670763639 2583.4389603422255 6281.820400210654 5968.1483801112645 2581.7870736230393 6279.6709288710472 5979.5051376890369 2579.9886289521178 6276.9923446355115 5985.4667682935724 2579.7155782366167 6275.7499641064842 6005.0781604502154 2579.6884006132464 6273.3291311504036
4 6178.2566747497067 2606.7313811773538 6234.0287520996035 6187.0891921241791 2619.8732077503269 6240.921539048697 6189.9609327989147 2623.6280291416219 6243.2742393330018 6201.2928077708393 2626.8288604759609 6246.1893229466714
11 6178.2566747497067 2606.7313811773538 6234.0287520996035 6185.075135995663 2604.969622229783 6225.1965371676961 6189.9116252834747 2603.8929364919936 6220.2235571435294 6197.5841390799078 2598.0110889685043 6211.927419441553 6215.4133129019356 2583.0167243907158 6195.1110020103215 6224.4618083592786 2568.2306887094187 6182.75891440331 6226.9004770749143 2561.3715566260639 6178.4479174165936 6228.9457776730451 2552.9968107842597 6173.9765902165182 6233.1107543784956 2529.6496971518905 6164.7749826326381 6233.8518551349416 2513.7647773354906 6165.4093364951368 6239.8302513306726 2502.3390979543233 6163.2635411408774
3 6306.4127743790141 2535.6239600773815 6108.0371937361033 6304.7884812171114 2527.6844801442189 6112.3254693240924 6304.3609603170798 2505.5070396350407 6126.6788967932225
3 5586.1581492733476 2307.3688845812439 5992.4196085504627 5606.3596319509188 2325.4034691183451 5996.9953864817853 5608.7858497954921 2330.863194176969 6004.1472035453735
6 6354.2718086893447 2513.9591023582602 6128.0774008240132 6347.6185567824314 2512.7546127504665 6125.7139229983322 6336.9718626406247 2509.8547116025311 6123.2308758583567 6333.6419515090547 2508.908059780023 6122.6201200605601 6325.6696514606192 2507.3643776954109 6122.9228153309759 6304.3609603170798 2505.5070396350407 6126.6788967932225
21 6308.1852393765848 2391.7713484096312 6345.9779278474016 6301.5315953081899 2395.5592049168827 6338.0772393895759 6297.2077404820493 2397.4786813006822 6333.8560611545745 6291.3623620481858 2398.2041643453977 6328.0053512344793 6288.2581719236969 2398.4823720582422 6324.7785522578888 6283.0090931221248 2398.9879923847325 6319.4610507889147 6272.6371476912173 2399.9921467644203 6308.8063238398518 6263.9297571655925 2400.9762242077172 6298.2145555050256 6255.6770818447931 2402.0689154046236 6286.2173987677925 6248.1406216669548 2403.917591706323 6274.6392880141784 6240.3153098778894 2407.1340996557756 6263.0766666323616 6236.1182593256653 2409.1042179504475 6257.0468796233836 6230.6548138158096 2411.9675422443684 6249.3532239392071 6225.130946554601 2416.5510817906325 6242.1512496440819 6220.2992992645086 2421.076674995993 6237.5405354796576 6216.6721301670214 2424.475875983464 6234.3878127769103 6208.1494603663723 2432.3431690245884 6227.0392548936597 6199.198705923026 2438.0996752005253 6219.3233043664768 6190.4577184060036 2443.4158030537142 6211.4510669069714 6184.9620470472346 2447.3605772734973 6207.4181944110142 6169.8736936514269 2458.7115597881029 6200.2254641523305
15 6028.4390780941658 2515.3540617238264 6406.7547333735192 6031.2043202447112 2518.2397093928512 6405.3838953735849 6034.9798309644875 2522.4176971579545 6403.2212407067755 6036.4210763360406 2529.8327065379563 6395.7622620188667 6035.0539220830688 2542.4003332021807 6379.8577921471533 6034.1075894883088 2550.1407711214133 6369.9238502327762 6033.5455921144558 2554.3808322426439 6364.4273201078258 6032.7522697505074 2557.9344280590608 6359.9092134292914 6030.8690593857664 2565.2182700206058 6350.5523818665079 6028.9548239012829 2574.3732942531551 6339.0704654452356 6027.639698157579 2592.3244469543847 6321.7593792364132 6027.4159550026516 2599.708652051118 6313.3643037400379 6026.8988950943894 2602.7968993865411 6308.7556460250826 6024.906502695485 2605.9806775209972 6300.6759381922002 6020.6308558687551 2605.4477944482437 6285.1445198465135
3 5605.589218616039 2337.8420893881757 6025.1933318397278 5604.5321175553263 2332.4582345905915 6014.0448498333135 5608.7858497954921 2330.863194176969 6004.1472035453735
15 5605.589218616039 2337.8420893881757 6025.1933318397278 5611.6331177130123 2345.5678167301421 6036.2886109380761 5616.7287668096105 2350.3684881985182 6041.6648097520365 5619.8785537054973 2353.5759528378389 6045.3717868786753 5636.453941121571 2360.5580207144676 6046.8227790282926 5652.2842305658041 2367.203706522123 6048.2207515091059 5667.2987977180019 2373.6304664087934 6049.4907011247506 5682.6621912023675 2380.1926232976921 6050.8021063913029 5689.8945068958928 2383.3515686358655 6051.3547032884444 5703.1051224575267 2389.2660118670765 6052.2454980153443 5728.5911981972431 2400.9347237078241 6053.7782253255391 5734.4529998641301 2403.6851653814747 6054.122510010965 5739.011767217592 2405.8232745052064 6054.3966500115712 5749.728068314329 2410.8453283398508 6055.0469852000824 5760.6519767473028 2415.9661975644945 6055.7106931849166
53 5904.3958630753623 2838.4995626087239 6552.1851532407518 5902.9411166826303 2835.8965730881996 6547.982579430839 5901.9970553306703 2834.3631157322561 6544.9876789688815 5900.1154411116277 2831.470290851239 6538.7411880059699 5898.0450672851803 2828.7340498467652 6532.4161064253749 5896.7832285820341 2827.0612610941675 6528.4204313718765 5893.8484021594586 2823.0588041221631 6519.4643481090097 5892.3156726110947 2821.4734047876341 6514.9202256068893 5888.9182918925753 2818.9331129947368 6506.2279357861225 5883.4932350609342 2814.7561221258215 6492.6900853279913 5879.7879578195452 2812.6193088786204 6484.7853547432542 5878.2919620569055 2811.9794304072498 6481.9832138272777 5874.7123421303095 2810.5040763067914 6475.2796284712349 5872.379868248443 2807.4361323043286 6468.8704773550198 5871.2761373119884 2806.0018611582464 6465.7999822403326 5869.8808162930327 2804.1457351984409 6461.8662305144417 5869.1406264650832 2803.0946058443337 6459.6962860601034 5866.6957557716059 2799.4547025303491 6452.3175957410413 5864.1993609404053 2794.9966935005109 6443.8552162084743 5861.472962715261 2790.0249831991923 6434.4052157054693 5859.873380107636 2786.1589218875929 6427.6344808596614 5860.2667522028087 2782.9538049569146 6423.6906194747944 5861.2969610484943 2776.64637508653 6414.1176898380227 5862.0114973174059 2772.5102021632665 6407.547584578504 5863.3677703849717 2766.0329146319036 6395.5484621625819 5865.3495067457789 2759.4163036293535 6382.4678534523346 5868.0301369210783 2753.3085532005857 6369.4192321635746 5872.2585362855261 2745.0449653485052 6351.2565435568331 5876.1403477752965 2740.2715134863774 6340.0805764142979 5879.0248479391448 2738.0963676203646 6335.3959754088237 5882.4608174011091 2735.6554980244882 6330.0345511526812 5885.7690056697365 2733.3086509979748 6324.8858952990631 5888.5243565787559 2731.3583806170959 6320.6135880098391 5891.3450472980603 2729.363600627315 6316.2466586525225 5895.6805344177928 2726.3357308644299 6309.7374554917369 5898.5852710196441 2724.7087085110948 6307.4646319338854 5910.011882663377 2718.5013568443032 6301.3030730321752 5915.4827176532144 2715.5356565818693 6298.6370223631648 5923.4867059332701 2711.1964168432596 6294.7576840045967 5930.6574987877557 2707.3077186802016 6291.3524633109173 5936.5853730490062 2704.1033796562047 6288.5224148822535 5944.5713309855182 2699.8119949425291 6284.8999656495598 5958.1006621826646 2692.5493630148212 6280.537671585249 5969.6547615787758 2686.1811055928115 6279.0715811959817 5981.2095930897567 2679.0297844649431 6277.9570487301635 5987.3208995917112 2675.1776757457069 6277.3913737398407 5998.9082833601833 2667.8357650605662 6276.2448889205107 6016.3549607778641 2654.7002576726914 6274.4696777457175 6018.8809080619476 2643.8883556041537 6275.6577196499147 6019.2052381820858 2633.3922020163709 6276.3542288373492 6019.2873449401895 2628.2999152097477 6276.7128442886724 6020.2367977198273 2617.1674188899578 6276.3003400816588 6020.6308558687551 2605.4477944482437 6285.1445198465135
17 5681.818550291875 2422.0656476558779 5905.956395173348 5680.1098100459358 2417.9356020883815 5908.6514959429296 5677.9523452349504 2412.3092553573078 5912.7712025872497 5671.0628262735345 2393.9995220701153 5927.3845428057912 5667.3021711394795 2384.1766614028866 5935.6612731428959 5666.6412182396116 2382.4748678079454 5937.1569869994664 5664.048042571897 2375.9202354091431 5943.0670246387854 5661.4675640974065 2369.4655747889096 5948.9434088895241 5657.801045009538 2360.3793215184824 5957.2712078487766 5655.29212322892 2356.1432882027102 5961.6172275276667 5648.1995559722582 2346.8176086319736 5970.7226525237375 5643.0797635299241 2342.7573673606316 5973.900806603996 5638.3048291686155 2340.7173012493108 5977.4031060516736 5635.6586608566286 2339.6698680858526 5979.3725967127339 5631.5491771229117 2338.0008818738997 5982.3332125392772 5623.0066540945609 2335.1590371463203 5990.1912583827216 5608.7858497954921 2330.863194176969 6004.1472035453735
14 5961.2856879920146 2468.4406025266994 6117.8864247709998 5967.5790376242057 2471.2711427028594 6136.4273708635283 5968.649155076143 2473.5025543864285 6146.8174573736542 5967.8609215225206 2476.1335747634175 6156.8719700484698 5968.551443978472 2477.1468428532048 6162.114372474799 5969.7525992880182 2478.7282191880677 6170.5051800470765 5971.4990301012449 2480.7958195505457 6181.8415120958443 5975.4310449331488 2486.0015788570654 6195.528650741725 5986.6769160869144 2493.8989328355387 6213.3856059146756 5993.4869450235255 2499.2624373134349 6220.8355122713283 5998.6709458504192 2505.7832823942404 6227.6446720583517 6002.0844771162865 2510.8015536498233 6232.3387936861482 6004.8554906779455 2517.0600510883783 6238.4720888080365 6003.4459716507927 2522.0969059194499 6251.4509423430109
24 5961.2856879920146 2468.4406025266994 6117.8864247709998 5952.0008194154971 2467.7435718760707 6104.9822250623702 5946.4616834335502 2467.7434041154206 6099.0146134676033 5940.9155497517722 2467.8569624354081 6093.4347132681232 5928.6384560584338 2467.4585796149804 6085.0747619408448 5920.8208060986362 2466.7347046475975 6082.6612093901304 5915.5046689384617 2466.2787028739735 6080.8290812200339 5904.3114314908289 2465.2994302333163 6077.0307244156047 5899.4845284476405 2464.8683690162911 6075.4250782089002 5894.228954558419 2464.3907403394323 6073.7065329520074 5884.4649934230283 2463.3260483611484 6070.764463455278 5871.2042104165512 2460.8773023869348 6068.1572088699022 5856.8368008356674 2458.2003961025143 6065.4073433576859 5848.7845824729302 2455.0861165582073 6064.1246974512287 5842.1094329196676 2452.2885424086467 6063.1377793403299 5835.5584657336813 2449.6382140524324 6062.1270279553883 5827.9545111803873 2446.547686727748 6060.9571626037296 5821.1099363773037 2443.8259515313016 6059.9007581139722 5806.2242361588915 2437.2885094803623 6058.5047829069308 5793.5171582627199 2431.364030810139 6057.717167097695 5778.1676134935706 2424.1772838933825 6056.7746803671434 5771.1960184927966 2420.9090019308264 6056.3513078077995 5762.1569171403053 2416.6716821392702 6055.8021190754389 5760.6519767473028 2415.9661975644945 6055.7106931849166
24 5961.2856879920146 2468.4406025266994 6117.8864247709998 5969.6671761767111 2467.0369833074928 6121.2206358139956 5974.7189026119477 2464.3616738051942 6115.680584524448 5986.3775646519998 2459.3448367988567 6107.6897105738371 5995.0785870651098 2455.1647670074681 6100.2026546355437 6004.0376440714272 2451.9951054441913 6097.7565578524755 6011.7006166194906 2449.495583421487 6097.4189650573089 6023.6670250366178 2446.7817937025502 6100.1478350907091 6035.4920317690739 2444.1372062931327 6102.9507158716478 6045.9545352084779 2441.7999685059085 6105.4205830156106 6055.5067243424592 2439.6842167526352 6107.7292160596071 6070.1126401579022 2436.4356531905592 6111.3103127517315 6089.2724342964466 2432.2602311489427 6116.0773788270999 6107.4689963829132 2434.8052001777378 6125.8665101235611 6114.5375368678533 2436.16129709285 6129.8838843515323 6121.116632938465 2437.4548994888578 6133.6403120707773 6128.1984515691165 2439.0023031582859 6138.2333811354601 6136.7772587791887 2441.0722790115747 6144.7039145462941 6144.6232020249608 2442.9875277115575 6150.6845710985581 6150.6760215890708 2446.1611441945661 6162.0908089571385 6155.7761538092782 2449.0609724555165 6172.0958524546504 6157.7790048310808 2450.2099207398187 6175.7850077724597 6159.5616264146138 2452.5343460922159 6181.3914830512022 6169.8736936514269 2458.7115597881029 6200.2254641523305
9 6169.8736936514269 2458.7115597881029 6200.2254641523305 6207.9969115936065 2472.8387471804008 6186.0494876301955 6211.8111070862296 2476.6896067295638 6182.5882418008223 6215.689440228708 2480.1978515914352 6179.5418866966411 6219.5663280531271 2483.6899187829913 6176.4989539116332 6222.3324822141831 2486.3770526215953 6174.6224037401262 6227.4964945306065 2491.8300962353201 6171.1982458565071 6234.9711861530122 2495.2825117249081 6166.6913626990099 6239.8302513306726 2502.3390979543233 6163.2635411408774
2 5760.6519828434721 2415.9661981325667 6055.7107040210603 5760.6519767473028 2415.9661975644945 6055.7106931849166
7 6304.3609603170798 2505.5070396350407 6126.6788967932225 6286.7364436068601 2499.4238809778808 6135.2234067371974 6282.6237074328383 2497.6659395198649 6137.6459700041087 6275.8758214981162 2496.3026485436853 6142.0958575649474 6263.726720736202 2494.2211121899422 6150.0508707070567 6257.7046565846385 2493.3909140462451 6153.9421520643564 6239.8302513306726 2502.3390979543233 6163.2635411408774
3 6003.4459716507927 2522.0969059194499 6251.4509423430109 6012.167738160545 2531.8459693548989 6252.3278039945244 6023.9508999132859 2546.3445838124471 6257.2054329673083
3 6020.6308558687551 2605.4477944482437 6285.1445198465135 6015.6697321966494 2590.0343668511505 6278.9879767848352 6005.0781604502154 2579.6884006132464 6273.3291311504036
3 6005.0781604502154 2579.6884006132464 6273.3291311504036 6017.4922604683507 2562.6177181771554 6264.9321749837818 6023.9508999132859 2546.3445838124471 6257.2054329673083
