8 11826.350959994244 3519.4033137381989 384.37039107516335 11831.178558098532 3523.6724807240957 385.5419678560811 11843.462070155971 3534.8447328033362 389.70181470601187 11845.254674126096 3536.2582241466334 391.70609946079782 11849.752428175665 3539.7747937675722 398.16074687192105 11850.588869102692 3540.3838887450497 402.02461353015042 11852.65076906489 3543.140502759954 405.17526751218492 11857.052931758575 3548.993115405508 412.09670954462462
11 11899.107414704302 3829.7291563445046 657.66414307870957 11910.308619530557 3834.0914188823781 659.09701186252971 11914.203598970413 3835.4787798787074 659.37167261320405 11918.147242598812 3836.8932940454506 659.7050341423095 11923.127563065131 3838.5168722530207 660.08393300159037 11935.384530217552 3842.5356467351012 661.62179679026838 11940.098627742054 3844.0636649518383 662.21165157302778 11951.638413220568 3847.2568812951399 663.32551369396322 11968.119095435562 3849.170135003897 665.92122411842001 11977.208668771573 3850.3102640294469 668.35369079302734 11983.534880548092 3851.5778587780424 670.23843926172003
36 11899.107414704302 3829.7291563445046 657.66414307870957 11892.940554028732 3821.3943646932639 644.95130504925612 11893.576518348038 3819.0822197321186 639.89757411730886 11895.662764102255 3817.543807213352 635.62382181292912 11897.6289099856 3816.0080061206177 631.4615681711872 11899.733450710215 3814.2887920010262 626.86217193901928 11904.505720482526 3810.9664361917494 617.62990201033995 11907.712243908756 3806.4516872018366 607.85405536378312 11909.079415340217 3805.1333089826376 604.85091475977754 11912.353758027022 3802.3712157140703 598.9414339316653 11917.074740323675 3798.7185821470725 590.68185476809583 11923.860717230733 3794.6711441994325 580.07506264551375 11928.916662171196 3792.0235983072707 572.17565401748197 11932.07835448566 3789.4804878640757 565.66292610834205 11934.202968605876 3787.684761958199 561.10079034414537 11936.48403950622 3785.764014175189 556.21035360112751 11937.926027336678 3784.515385219288 553.04784487741631 11940.669955146337 3782.1259684838283 547.00322367871399 11943.188600480054 3779.5626035710898 540.75351402278841 11944.648292497539 3778.0221420874359 537.02332896256087 11947.273738627857 3775.2766820453326 530.36191481871447 11950.637744866797 3770.4902105823498 519.84702978739313 11951.952533569731 3765.6354436811366 511.35375499206901 11952.286259004561 3760.7559452851187 503.43725899114463 11952.397939187875 3758.2305686031027 499.36382066648139 11952.489942199587 3754.7915340378122 493.85352177473237 11952.552388518601 3752.8441378482426 490.72227051844607 11953.023284330289 3747.0331219452892 481.24584277252143 11953.096227992082 3744.8887625440375 477.77124175831722 11953.094078943368 3742.3062373540283 473.64478267216657 11953.148065587429 3736.9722027162179 465.09184488823752 11953.188431803366 3735.4092059978466 462.58927011774654 11953.481543984115 3733.1568896323442 458.86104188643077 11955.193040514212 3724.7365170836019 444.92415212894406 11955.670144936959 3722.015271197844 440.6096338986797 11963.609366814422 3716.351047946926 427.80467490561523
8 11899.107414704302 3829.7291563445046 657.66414307870957 11875.499065632044 3825.9813589788187 665.77553976422939 11866.89164445891 3826.2415492834607 672.0141409381614 11862.14002499104 3826.5578678514307 675.83808628723546 11856.820928696174 3826.9471396046138 680.21070684189488 11853.397803197829 3827.2367841247096 683.12586097773658 11844.395463431545 3829.0712420031969 693.12504220266783 11836.693981763674 3832.4144960158969 705.40084371983846
12 11616.735911069516 3713.3407871258219 696.35550958788633 11619.649159070652 3716.9449451387813 696.60188366029956 11622.145469357922 3720.3712154625468 697.07130245472524 11627.992321377433 3730.1823829434975 697.95453236056073 11632.77528612909 3737.5618041469461 698.45982668860938 11639.748093678931 3746.1980118045285 698.56915681535793 11642.515784388908 3748.7892812629038 698.35353790339411 11654.341048945165 3760.9751557315403 701.9053839332845 11661.249724877325 3767.5149160006517 704.14224665268409 11666.425142446597 3772.4224828144634 706.01946422125377 11685.859298414844 3790.6269171063286 713.41126926562163 11684.698092581788 3798.171903158111 720.06843720333143
11 11848.081972530546 3519.72266555843 482.71121760537147 11848.795009586225 3520.7905957307862 480.1615925648228 11849.77750768865 3522.3903207149765 476.48807870271787 11851.187500427863 3524.9178687625176 470.89829646109456 11852.333823581754 3527.910788757767 464.81836427174267 11853.482439853751 3530.2643103794808 459.95171376354608 11854.828587222313 3533.9766638151659 452.75450287015474 11856.178391171132 3537.6523959940223 445.91041222952225 11857.35777442009 3541.466240499225 438.46756618110089 11858.546223553058 3545.9594542803429 430.57789625436527 11857.052931758575 3548.993115405508 412.09670954462462
17 11963.609366814422 3716.351047946926 427.80467490561523 11968.616671387468 3716.8231283702244 425.53814538701903 11976.594000009283 3717.6118686042801 422.23601078304574 11987.790581054223 3717.9489295951503 416.91809875712516 11995.070506317312 3718.2992429853743 413.67193235314846 11996.626458751367 3718.3675129957851 412.96845518986254 11999.952376304935 3718.5221138766824 411.48652649661955 12009.110436644913 3718.6653431813161 406.96681266798618 12027.81677308603 3719.6362498348203 400.51474429395233 12031.282451978612 3719.7651141603319 399.28827052965715 12036.323395523292 3719.8824300495426 397.42483706083578 12041.629140306673 3720.1170085177541 395.77103730424926 12058.100509036745 3720.3485618866202 390.9076036848204 12067.25195072733 3719.2530302638493 388.97958597922178 12075.392572196379 3718.3507618175468 387.35273834871361 12084.071715013477 3717.3631549594602 385.65915797378062 12087.389481354699 3716.9614934396141 385.02387471102406
30 11963.609366814422 3716.351047946926 427.80467490561523 11947.699626850679 3708.5228580882749 425.96282102722182 11942.018092023796 3704.318892511772 423.30272587983791 11940.332723742293 3703.0336835480239 422.4660053328036 11937.691292324302 3701.0831416601432 421.18626580583469 11933.192579230232 3696.9942539403401 418.64461367028525 11928.254503178652 3692.469194044832 415.74838541924697 11925.624233893517 3689.9062447294277 414.09332667023256 11920.512020843962 3684.8564748167737 410.93109966786579 11912.697010794727 3677.0213819594865 406.52969287255581 11905.925794627221 3667.9682819890404 404.24804018829974 11899.015435957397 3659.1786066734144 402.13024496828655 11897.104947915641 3656.413858286558 401.52464367071144 11895.542111908915 3654.0848629563675 401.03821428620103 11893.910996917963 3651.6031837580476 400.53442886327036 11891.829836747982 3648.2983769217394 399.88448531134264 11888.842522174167 3642.4518860713079 398.77033994865099 11886.667119074986 3636.5382596343652 397.94132374988908 11884.330297002087 3629.6854287666465 397.11461394098467 11882.008540511426 3622.8450921150084 396.31556890050581 11879.256058661334 3614.6697477012672 395.43543302992907 11875.665545508908 3599.807333797552 395.71447021049022 11873.93395793317 3591.7228255725008 396.64624572977419 11871.775829155918 3581.8665855957252 398.00178317928373 11869.737841386332 3575.4045936987677 402.43424490508772 11867.819479180967 3570.0889239179496 407.47728139450504 11866.636058418448 3567.3134361854472 409.27563287387875 11865.23182948085 3564.4029721075963 410.3849441749428 11863.085447072826 3559.9454090759996 412.15922082739684 11857.052931758575 3548.993115405508 412.09670954462462
13 11590.980599167189 3833.252425799677 732.19907476223102 11605.711120176778 3823.6842076954149 732.85514257600903 11614.73513760413 3818.5652765985196 733.22672296021915 11615.78480866362 3817.9704634805544 733.24930303289523 11628.354629123438 3811.3541183801426 730.56532299713285 11633.754752811839 3809.7233898079057 729.8782989379913 11639.051593145507 3808.7803895849243 729.46929051192626 11649.487878131407 3807.2342765648254 728.79123651676105 11654.734932075484 3807.5181369394227 729.24250435277838 11656.971749466262 3807.8239110807904 729.63721839852917 11661.941552714225 3808.5659696045473 730.60696317918951 11667.623513613518 3809.5086581943851 731.8191503082935 11676.19977378061 3812.3283064936259 735.20156782752963
24 11836.693981763674 3832.4144960158969 705.40084371983846 11821.285456974054 3824.4134987311081 699.15443456206185 11813.324359174485 3820.6761438670715 696.75893178219019 11807.264827741148 3818.5860291639156 696.56493020601852 11795.16573210567 3815.0813646926727 697.73602734800193 11789.326363659835 3813.3408761734836 698.19799145698926 11781.428285724303 3810.9526191341151 698.75160122193893 11776.881901475508 3809.599004217027 699.12132600539223 11772.705644491545 3808.3701283265304 699.48730110777251 11767.187145744212 3806.7920890510018 700.02846991509386 11759.486592843667 3804.8264123344488 701.03077305154272 11756.480584657216 3804.0816133952108 701.44814017289707 11753.488103605483 3803.3439773845071 701.8672484245393 11749.877440344851 3802.456751748774 702.37575543366222 11748.153982618715 3802.0338318718359 702.61886534868086 11744.305637737316 3801.0937481901224 703.16561147979303 11738.932051824338 3799.7815880267367 703.94703751704367 11733.260841640978 3798.8216280306624 705.08843801984392 11729.032039736961 3798.2213745511685 705.99573280399261 11724.422127320315 3797.57201546531 706.98869282923818 11708.196811218877 3796.2075598350243 711.16362608804332 11697.223931345317 3798.0902628746771 716.06007745194745 11690.734513853638 3797.3543925327726 717.49051948841895 11684.698092581788 3798.171903158111 720.06843720333143
21 11836.693981763674 3832.4144960158969 705.40084371983846 11842.600062517868 3839.2190937152563 715.63406583513404 11843.78557518154 3842.0847309877308 720.85128138519451 11843.909959555467 3844.7597192443768 726.40208863960618 11846.323881904385 3849.6282438627109 735.0543763528093 11849.112151637402 3857.4623658891069 749.98431846236838 11851.737187694196 3863.7742066900014 762.51341331505205 11854.550947282198 3869.117286494065 773.04299022306736 11857.377690461222 3873.9864588988189 782.62850457731724 11858.807000862373 3877.2261805808903 789.6981755698755 11859.526823123044 3880.259591450827 797.2538224544378 11859.859050527983 3883.1864769273575 805.01102180300734 11859.307535360818 3885.4075293653168 811.8583017555967 11858.829124213997 3887.1961391410805 817.4111931584597 11858.196546890184 3889.170048859256 823.6419851707351 11853.804302810175 3893.417493405645 838.05709134764993 11845.947739473098 3897.8008952289979 854.395349015134 11838.542316645127 3900.3286405499948 865.01033389758561 11829.084777456146 3901.4048978105025 872.08864060620579 11821.730243261289 3901.4467694320615 875.39530129752586 11814.889671422237 3901.2738379362577 877.91652200984799
3 11806.526907131198 3906.1028614071615 887.18434635609265 11810.62374657856 3904.7366891866454 884.05603488239467 11814.889671422237 3901.2738379362577 877.91652200984799
4 11684.698092581788 3798.171903158111 720.06843720333143 11679.096702518689 3806.7620333439877 729.0952676553942 11677.7216737653 3807.4765682249504 729.85730416053798 11676.19977378061 3812.3283064936259 735.20156782752963
2 11681.957827725875 3818.5733390167379 741.93836952958748 11676.19977378061 3812.3283064936259 735.20156782752963
5 11793.995693148347 3890.5231392158416 871.20205905342152 11799.959220666933 3893.0476266091769 872.54724336257709 11803.023751665276 3894.3122644096075 873.19195092092434 11807.333416488504 3896.3590989489771 874.4502289491553 11814.889671422237 3901.2738379362577 877.91652200984799
