52 -13.517835788584321 -123.19356276402071 5.1996504485168327 -13.719803024569719 -122.27664329734174 5.2218085396235052 -13.032710667613845 -120.24110851826583 5.6487126913304904 -13.104900360103892 -118.81282816937964 5.9238429238458377 -12.873705595071014 -117.92684859750213 6.3084344074873222 -12.809344927463309 -117.22794982037556 6.5362659993724206 -13.347447134322953 -115.69402215834332 6.9037513635876468 -13.359823854001442 -114.44546541569638 7.4446195259921906 -12.996248349957801 -113.34719276569119 7.8027548935749849 -12.274642247324843 -111.46376676837809 8.2610461203525674 -11.812506282695907 -110.26455963122851 8.5423316915165355 -11.580597937687754 -109.22567860924107 8.6452046401241507 -11.279768147762383 -107.36372075632013 8.7413562449351652 -11.759835676422204 -105.90213923995516 8.7315629259992829 -12.358076783406831 -104.23634527064519 8.7005707672433825 -13.048161179056912 -102.80070715225581 8.803806174298666 -14.799706345388438 -100.45793558982017 8.9615460515609335 -15.253993197520316 -99.776548635941936 9.0119241154110394 -15.514546302663206 -97.859539148344027 9.4364402901777495 -16.514210525540033 -96.652009376646234 9.5581775637639286 -17.811660823738759 -95.185959203288377 9.7182133057930891 -18.046532577294592 -92.509610206941602 9.8990899045156375 -18.823079735396519 -90.30315929791287 10.055838498238696 -19.12121820548807 -89.209172783914056 10.116625489395886 -18.948092715643831 -88.181586504895833 10.288343117829308 -17.135755067434872 -85.738377913580905 10.29032488699213 -16.820505363861837 -85.149834266335688 10.285808754382096 -15.563090814329771 -82.997612034025906 10.476751688540233 -15.027102425294434 -80.551261242115856 10.662757125853982 -14.682447949251884 -79.880669827484397 10.630830891826424 -14.02030674058552 -78.662604941021797 10.524490453335675 -13.247715743837114 -77.097941838054453 10.347021067276764 -10.565354138988747 -77.013632018241722 10.450561843439779 -8.5735187463599001 -76.594630224608565 10.598517354703651 -7.7408284583916682 -75.750652642921281 10.594348127416374 -7.1376121903151395 -74.618980251669825 10.478045526775402 -6.5311401021984121 -72.334930582286617 10.37114753088699 -5.2068013097389141 -70.180563985906176 10.294222752151589 -4.2418162652271683 -67.852483451797582 10.071825865725637 -3.8133556289457617 -66.423259310616828 9.7982268538978978 -3.2205033167348556 -64.088400360340316 9.3034420489044862 -3.1629050023327281 -62.949372430917641 9.0187815303107151 -3.2238986239501992 -61.019114984395387 8.6306122500538844 -3.259662619986802 -59.661153169629685 8.3851326004133764 -2.9973717723192963 -58.617207768234785 8.184390067594844 -1.4464488086896055 -57.034943962012541 8.1850021050357586 -0.19400122519995802 -55.734785672129675 8.2450054020432937 0.99512583500079843 -53.432444831274239 8.1014888099944802 2.5129011462951576 -51.423352569168856 7.9017440662832144 2.6581506246015936 -50.946111956265057 7.7796415763041482 2.7190221869893958 -48.566167130861849 7.2413675297338731 2.7800796259039595 -46.930218397699988 7.016667960194602
101 -17.393612870360496 194.45545608047601 18.506476627656809 -18.104711117105339 192.94282651027248 18.53250145534853 -18.687381290123572 192.05044817708978 18.501915932336725 -18.937794318909862 191.45461157474136 18.508553812251925 -18.640239378534954 189.43852022963844 18.828467155822775 -19.045514726011952 188.45137130222946 18.961702632525135 -19.247440896235414 186.85531775010537 19.366068185018342 -19.624155112460578 185.92174175516587 19.440892323751065 -19.547349398472527 184.91212657305985 19.850081158172753 -19.961323504280639 183.49653044243485 20.086661869021579 -20.532420519743926 181.40105935000943 20.381362627092546 -20.304090071610762 179.57402300277465 20.710197182084986 -19.031327421707463 177.94496467031107 21.089525150658762 -19.14981333486249 176.95728512921815 21.198154494354934 -19.966049917216314 174.76476396207198 21.320090175456148 -20.324743887339693 173.06093010891951 21.28292566828944 -20.503186693642419 171.58916763554134 21.300489088664428 -20.511977899730489 170.58122552728472 21.343602549688789 -20.461217877686952 168.82529710226609 21.481758085829295 -20.765279404754367 166.81762085084605 21.544577744702696 -19.981131510212219 164.70568035513404 21.866227753524981 -20.031643575380293 161.69582841974383 22.354235915360416 -20.530219894359416 160.67759557844897 22.364459796410063 -20.726572182815122 158.77272664140838 22.367407535173207 -21.233855752209653 157.03085953033388 22.502239212721967 -21.654537044496671 156.14594688422326 22.528993270876654 -22.219735919467578 155.06524299702065 22.565415300819026 -22.238615680710879 153.80598194055432 22.778025247129882 -22.261942257254208 152.16477330773708 23.087981445063843 -23.080677319236319 150.57676102733831 23.137683825627327 -24.939574717474734 148.35259316389715 22.739732458855126 -25.954634456640111 147.23594816143518 22.535762670044523 -26.222676713812884 146.48666505994814 22.370160732523789 -26.224473301441993 146.24910002926927 22.322740889867291 -25.571061610695445 144.13935435989987 22.062662902606252 -26.492246220635906 142.06973022893501 21.851298658248226 -28.140181215189447 140.5599164015141 21.452982589479074 -29.198304503606323 139.13249257010801 21.18862200718015 -29.195724722372777 138.81798383635885 21.155324789729896 -28.753190813135586 135.93471533864073 20.846931490063362 -29.196726834947363 133.96580523798616 20.657978308559144 -29.869755874581003 131.60328871618739 20.215616880131602 -29.767856112025196 130.48349120428713 20.041356568237209 -30.370667267872129 129.4624879233539 19.459868312669901 -30.868584226576097 128.65950800109101 18.517865664966891 -32.272071429579341 127.83502604517166 17.501151988936144 -32.576016769054476 127.19553498821458 17.245626358339187 -33.203429080637179 125.47459471287789 16.729972350714682 -32.544130596252167 123.71230709858209 16.363278028656179 -33.264967884260898 122.31249535870774 15.948650509292719 -33.57094813819014 121.10785292817984 15.480633392145446 -32.788600431097116 119.41948805200776 14.85158855980518 -31.880566979804055 115.54178947779079 14.677941194859395 -31.859318410024674 114.27248145111061 14.578451897353439 -31.523547085555709 112.47418547166141 14.255373394989405 -30.870528524653082 111.42320594930766 13.945779057647638 -29.393201134437707 110.14964013312049 13.756002514132353 -29.215944149037359 109.2511842966222 13.612957805459851 -28.648732472331318 106.33229020682926 13.277615338046505 -27.863901957263177 104.60122738169404 13.338298482777475 -28.335626349797629 103.52509356738469 13.351833603705563 -28.352074432118958 102.23817498049857 13.273466327427357 -28.457619908027741 101.26536563714349 13.379322150762055 -27.382983331308136 99.789073563051332 13.350408412603599 -27.384210365605838 98.527563174751023 13.334413547313488 -26.789162035761791 96.750622253024133 13.483752061482706 -25.378983469938266 94.697334098996407 13.748202736588913 -24.311683837393435 92.109169841883656 13.85159767563839 -23.900986829026966 90.87546856155906 13.86619216009505 -22.996694503234139 87.759831276462037 13.904445664109788 -23.15495074386401 84.637193376613524 13.904476306933669 -22.628128878765409 82.207526071689188 13.929729898433358 -21.934418400604891 80.382167040313988 13.886015247554862 -20.334070071589398 78.497461799640206 14.128626234860636 -20.131120778643098 77.412204137947739 14.235198344442486 -19.696307740574962 75.939838724572638 14.353556093577639 -19.788264962618264 73.433365824082557 14.164708742938981 -18.536739375399176 71.126824602967119 13.366036993511308 -18.608663464850256 69.51063559767519 12.456469015317413 -17.889001629136786 67.313768390258588 11.718774290470771 -16.514216998370198 65.908117683027513 11.269150393239579 -15.207187920560624 64.703530134647664 10.872546563478918 -14.842272976462366 64.233679590483334 10.707393700192641 -15.811184136336555 62.282956082717554 9.9974449447750224 -15.852375434438827 59.789272326883669 9.8098575161150059 -15.609315993093038 58.749615260692948 9.8558001141336167 -15.07185957813596 57.635650341158666 9.9925754135811946 -14.213315087832816 55.857581891476997 10.101312061294495 -13.71346446045284 54.703897552183108 10.104309713532192 -13.370542504183323 53.562464787591928 10.095170170934589 -12.850832297302523 52.100289893668972 9.6655120285856633 -13.507868731997567 50.915469316510176 8.9527980681473363 -14.27791823133594 49.366927275553742 8.2335286387474547 -13.315542478460523 47.681234963336081 8.1463560183125647 -10.967133105722667 45.36651535962875 8.2704553501697458 -10.280337301882502 44.39996219303579 8.2170463523314119 -9.1300427019951886 42.198965678943033 7.9407706071172939 -9.389057603389233 39.509836345378567 7.5681416149791341 -8.8998441260486185 37.590959679201184 7.5413783838269666 -8.7025912378200143 35.935766896323472 7.3300082303235996 -10.089997981605608 33.588754298447178 6.6717946330923779
25 -29.221264722515588 -73.387396631760893 -14.546558177661547 -28.686914174458156 -72.797354695746023 -14.239710474541738 -27.601545081709094 -71.269225606993558 -13.349117112338684 -27.700119790505042 -69.667179207323343 -12.898950471656404 -27.132907342748705 -67.796902162844304 -12.280441545399336 -25.764208951083408 -66.873200816552554 -11.938588056112319 -25.331663459385442 -65.976035078665475 -11.714679959404121 -25.303974498566191 -64.250378455693678 -11.452224324794287 -24.40174823703272 -63.067969395415702 -11.138953555317665 -23.348577601848387 -62.817112758775615 -10.963042342002637 -22.615942737302866 -62.025717482988952 -10.252961499337594 -22.53771907120985 -61.548618592066425 -9.9716110193050937 -22.17400018897445 -60.322137790374313 -9.120631234784339 -20.882262553791687 -59.532940662494219 -8.384493272195721 -20.059374877935777 -58.748612635253565 -8.0040274537056 -18.334151428322798 -57.976225083884756 -7.1343151061670547 -17.91211976029324 -57.207223277085369 -6.9706103129544772 -17.262389538888041 -56.086103621894217 -6.7406828426427223 -16.27486498616361 -55.185137763833488 -6.3212584820931967 -13.387163646954784 -54.613873273011215 -4.8896095980185406 -12.709716727102721 -53.21000777532165 -4.4259343773159179 -11.900115677512233 -52.060591552058519 -3.9796479049287434 -10.448760414311336 -52.68523339213656 -3.2825438399186493 -8.7970214476553874 -52.200590004187035 -2.1913003552047492 -8.7441961314132453 -52.383687974299974 -0.24889334117674924
56 37.671912167453115 -151.91267595013954 16.779579406939863 37.684917853657034 -150.05887235961799 16.762765452819199 37.67522163125404 -149.9989593912702 16.754352199335266 36.500032062596084 -148.04507548955419 16.528623201265173 36.784282050292504 -145.80677697330637 16.243789815994546 36.596954937920593 -144.4631458747867 16.12659698690992 36.277430819198337 -142.07651476434839 16.068549885599001 35.340011309967913 -139.82688027020259 15.958030677330935 34.907751334665157 -137.36449395928167 16.024261146597187 34.558743742051163 -134.10140061313257 15.981673148633499 34.139699162659461 -132.50403992750441 15.81637226307779 34.176823683922315 -130.43879691182966 15.753030504060929 32.832717003793526 -127.93947213326662 15.789693717221747 32.031858239173829 -125.00383830112435 16.122563835657825 31.262689177972298 -123.17307321681118 16.172301096270946 30.830257892504672 -122.24307254260614 16.135593444672999 31.000231841016461 -120.23800382224503 16.002815659980772 29.36971100870478 -117.67612030687364 15.587849618031408 28.627172692822171 -115.24902014459386 15.424074141401046 28.032866687402464 -114.34033057023596 15.301333606157467 27.523902772871327 -113.72384492287418 15.202530320239429 26.316577798435798 -113.27954939504809 15.120993843262822 25.595087800632594 -112.58452474372663 15.074262461597902 25.271621887394893 -110.89271671359913 15.118183864197185 24.453450226348394 -108.50364226035255 14.82119186182442 23.482566397624382 -104.31315283911627 14.590605959607156 23.513209740507072 -101.45577048703865 14.555005824296803 23.507245490761552 -100.51406638658328 14.55978755093455 23.360457661485277 -99.518700156152406 14.656491046690064 23.60600477718609 -98.379433313457866 14.859581701217728 23.33599244554421 -96.06596975721375 14.911713172722852 21.844021681598552 -94.46394445836296 14.884478982938955 20.741779543449415 -93.386115893889055 14.95701071931758 19.679043339773866 -92.347812714652292 15.08620666037425 18.719432471685973 -89.903647347393573 15.219429654509479 17.390429290030209 -88.107978683875999 14.949748752827738 16.537197853306917 -87.155317191914278 14.672038791733465 15.382457933128491 -85.776416551469609 14.10986845670819 15.252109173809814 -83.557350299942897 13.679400616972689 14.430241129239375 -82.012977341680539 13.300699321365769 14.183264566419188 -78.285994235725411 12.829367478306976 14.440767413389677 -75.354916204431376 12.747468315967486 14.752538730219785 -73.143954444351905 12.967711653745514 13.635697057714722 -70.884292419647664 13.111476004564116 13.177091129578933 -69.866034274836721 13.103697195851817 12.786073686696863 -68.288647887319158 12.880098314317095 12.238311398335005 -66.563053923409953 12.58800344841319 12.057847189298824 -65.633338491896922 12.411703170919528 11.684393009396535 -63.829055619448845 12.127112710473227 11.10036109818798 -63.061006354876497 12.107774058055526 8.8644985936345844 -62.300061727288359 11.918116167961227 8.3182865936239132 -61.575634974768512 11.955741334182536 8.586981867722292 -59.080663560916165 11.808652899012303 7.6202591770655381 -56.289384050730739 11.347859159701018 6.8453220211979788 -52.303547547329664 10.271561189385183 6.0594431761212597 -48.784379673517243 9.2223863010510883
11 -4.6503598623341809 -35.442595078042054 -11.249825993276517 -5.1103258651223253 -35.194553821569905 -8.5386753262540793 -5.1737612912661977 -35.198235925889342 -8.3014182862166734 -5.7211579141245039 -35.527901843590719 -7.0724977202204826 -5.9071061365850293 -36.273280092535508 -5.846112131971168 -4.2055961651651845 -36.35732731794576 -3.8990966430450196 -3.1790170556578232 -37.218579411115414 -2.1934560012482502 -2.3961018913177994 -37.013662286462285 -1.2293008843399285 -1.4954967390569502 -36.565343649889229 -0.88048192754075938 -0.1579520830789653 -36.751268934340374 -0.29879026028111827 0.27162779755636468 -38.242764756308269 0.2703937235424852
50 -11.698704537029945 -128.99722468696402 -6.4373132389734549 -12.156200606275307 -127.4179750931999 -6.4613278075120615 -12.972036740982768 -125.17996482555915 -6.0045894020327948 -13.764602314588092 -123.57213373571406 -5.5207073421260207 -14.179817602522029 -122.55029895674464 -5.1186314553769918 -14.622313524082136 -120.883199595541 -4.3982038921915141 -13.984223988380792 -119.90911268531849 -3.8788095773241218 -12.71368505681834 -118.05581436455567 -3.0198855015438757 -12.635181397467052 -117.34696995506536 -2.7810160863092701 -12.724682376835482 -115.39227960941008 -2.3637533568212907 -11.848706547559823 -113.28807821272626 -1.5297963133978241 -12.184540625205134 -112.51389457385116 -1.3214892705404118 -12.24201961360372 -112.46633290920445 -1.2913390745638305 -13.782567568007073 -111.7391660321348 -0.65835706905569569 -13.536468803095079 -112.17517947836382 0.023363465721707749 -13.255234181839782 -111.33303289687053 0.17764674522862969 -13.510514105958595 -109.98884249217227 0.65442155070446784 -12.805056165909152 -108.90095315662715 1.6462116873741808 -12.832139521904269 -106.480469637719 2.2430839883544267 -11.788526498074573 -104.30931825501904 2.9732241054517057 -10.754799560215325 -102.35833144876723 3.5037720458438537 -9.7531988235496581 -101.13349729430838 3.9556704512851342 -9.6600906122341748 -100.90858862815944 3.9683150693359379 -9.4818071004312205 -99.845192688592789 4.1631644663061325 -10.050457827797546 -98.828386303262107 4.2207931034810047 -10.788653525771892 -97.606280119134269 4.34266817476081 -10.829089767432281 -95.430262710434818 4.6588163827881157 -10.678396441788225 -94.301029787804737 4.8349498691019583 -9.9257544151454393 -92.957621471663614 5.2056178345625579 -9.1027863649637784 -92.151975388799997 5.4001452961246175 -8.3389277371100388 -89.659434339956832 5.5956171102268648 -8.4653333615254613 -87.447660622769675 5.5101982018020728 -8.3438317396498611 -86.625159086313914 5.4024199785322677 -8.0895264804052278 -85.550040319607405 5.1862977502864336 -7.6676894488315286 -83.737342472899599 4.6215204491663888 -7.4108529226699753 -82.495831664219509 4.1960460006341131 -7.2216375286225327 -81.856566562795166 3.8771310888810824 -6.6983267351169191 -80.861001966602828 3.3712888128546923 -6.2151333454098898 -80.220237951628675 2.9843314584990734 -5.7251392625169863 -79.361600555304236 2.6180310796303434 -5.4580486008604536 -77.361697940138271 2.0215217618569272 -5.1740808261201732 -74.679078171954203 1.6188319284242787 -4.7559313159144692 -72.927671933618441 1.6178072692589585 -6.2488431743684361 -71.043664154753429 1.6981671341543525 -7.7475324099776488 -67.956571339336932 1.3296144995610848 -7.8809737612643858 -66.890288600741428 1.0384444912961426 -8.2126726339198495 -65.462990517255648 0.64736459538459179 -9.4092636813478219 -63.96375872439603 0.0074279735482794436 -10.282877740226139 -62.9206508554199 -0.31413485856293588 -12.190129931194704 -60.724382105749022 -0.85995637815582493
15 2.3934042608302804 -36.948847022228797 24.374683189491215 3.2106560005613809 -38.909001768481446 23.933965278504953 3.3135776176123679 -39.191937431499483 23.865791508986543 3.9074187211058291 -41.152806290909609 23.292642317796616 4.5483183819998896 -42.506612068907998 22.664295560311469 4.7903300304475751 -43.044219653255617 22.33112607240642 6.1145960410897295 -44.530250595432541 21.498271896441484 6.9981739829568923 -45.306364758680353 20.865612743193392 7.3407188716766498 -46.212210546232747 19.478090225735318 7.04969642091823 -47.154167015998759 18.377699308139302 6.8815912323021537 -47.781837102197038 16.768714816758237 6.6236839243990921 -47.706991913894676 15.84166210681337 5.8566791490211347 -47.777627767295996 13.929832505829605 5.8152990894167704 -48.373920192817771 10.810661253612095 6.0594431761212597 -48.784379673517243 9.2223863010510883
9 -18.361412524542185 31.652767938255572 17.124668872043102 -17.550200619944999 31.430270680917385 14.848037908410495 -16.707356980443787 31.187928875372275 13.790308958818166 -14.969162175069261 32.008568929060914 12.484852584181052 -13.388931587022533 32.024968509408225 11.760299254203874 -11.275184886690848 32.631246324090597 10.315516682632568 -10.823393455322165 33.186925433532046 9.2349163237413343 -10.387176469323052 33.456718453278761 7.8761525099854 -10.089997981605608 33.588754298447178 6.6717946330923779
12 37.372314414584338 -16.603474908071561 15.760907921932176 36.970857577346408 -16.63012018946629 15.719780072246087 34.528222638872236 -16.584253214119613 15.211685022248735 30.731100783353597 -15.450067319380912 14.31122526718419 28.584170536017641 -14.716580462280492 13.925419741077471 26.757213250183202 -14.950358267888959 13.616989155556681 23.793374588576988 -15.365585987982161 13.037220391559277 20.945317124838073 -16.149157298123257 12.432731854880828 19.394085519071748 -15.74803694662798 12.081893409278088 17.00261737609128 -15.06240551331201 11.479569036606687 15.983590595641829 -16.44748371648684 10.816301145956102 15.477665327908573 -17.437781501752145 10.204061667238566
8 17.896458840227254 -24.848774780319552 14.655922518169938 17.123043372504522 -24.464964110643844 13.784534180173601 16.629741274152149 -23.112561079149536 13.195178236489543 16.398115113260378 -22.15342296094552 12.798200091025379 16.326442375243033 -19.893214096376685 12.187512089793872 15.629571017361517 -18.870484498872095 11.978087306626477 15.398585713687819 -17.999977061258054 11.533959814044692 15.477665327908573 -17.437781501752145 10.204061667238566
3 6.0594431761212597 -48.784379673517243 9.2223863010510883 4.1702234173591544 -47.488347443878943 7.945600815540141 2.7800796259039595 -46.930218397699988 7.016667960194602
2 -10.089997981605608 33.588754298447178 6.6717946330923779 -8.5092670598629159 31.553839500238233 5.6301254762404929
4 -9.9969441790324982 13.840892966909436 4.3734800164328673 -8.9361595209609153 15.027652487585618 4.1575645884957275 -7.729000837963051 15.496399131928488 4.1236635247245141 -5.5624587337804172 15.848896673217908 3.5633131690980711
15 5.8380518530063021 -15.653078474586735 2.8633821491330389 6.1998846747843457 -17.145460151952033 2.6143119232068428 6.813628666234222 -17.921848251916895 2.6152906303465784 7.6468700530023668 -19.167902655654451 2.5852908889262398 8.2980373784835813 -19.797737542433516 2.6268642779619449 7.8107172413572696 -21.163483231225257 2.4142009686145181 7.5519951702755694 -23.023636443298152 2.1156825241200292 8.4445566881593841 -25.422139299834956 1.9620596972688631 8.468282057904279 -25.851287481955637 1.8912203253352708 7.940795684841949 -28.082423985229536 1.5009971168864178 8.5179182677631484 -28.837420044277309 1.6172838604060473 7.3509506519643368 -29.875520816750292 1.7774405405495923 5.8829781036821824 -31.297179733503661 1.9520758668499429 4.7839595613484951 -33.874523150170681 2.0034623139380257 4.2526289115828506 -35.385243716648972 1.9888526942136628
10 5.8380518530063021 -15.653078474586735 2.8633821491330389 4.9680291532991845 -14.868676711581433 2.8582543181927749 4.1303466578248411 -13.792768863386312 2.8070660289027209 3.6935406628178287 -12.064240250364215 2.7609430983015746 3.9204722586111416 -9.8711796091124366 2.7416165911068546 3.8143432598180538 -8.241892531180687 2.6304458220678244 3.6818368079122963 -6.5060674425379617 2.4816765575042492 3.1086646268518363 -5.2903733102332033 2.1395285410959772 0.24564285504643646 -0.53336903977803218 -0.29656845848773078 -2.7744038156512749 4.9663526274582699 0.20551448389760102
12 5.8380518530063021 -15.653078474586735 2.8633821491330389 6.5313790121917501 -15.399973021825273 3.5199368109762852 7.5938053285790064 -15.849900724547593 4.1626399301987922 7.6790687559947344 -15.930772236264948 4.2132248187164372 8.6109952384110233 -16.983473630545252 4.8419555513538048 9.4978239181354471 -17.44309438142399 5.3551727576099077 10.383930118908923 -16.902988943129486 5.7754845053219004 11.305589708215633 -16.212768179242659 6.3199828557943585 12.205579174933998 -16.520557643251035 6.8902664213707219 13.527885854342575 -17.173121194561112 7.6983799092753094 15.264085825918604 -17.233749968081923 8.6182902608979042 15.477665327908573 -17.437781501752145 10.204061667238566
4 4.2526289115828506 -35.385243716648972 1.9888526942136628 4.1851921098074438 -35.470180896876087 1.1410399453291562 2.8454303901853795 -36.248564026458958 0.51387076608128579 0.27162779755636468 -38.242764756308269 0.2703937235424852
10 4.2526289115828506 -35.385243716648972 1.9888526942136628 4.1467904218118958 -36.985213329766793 2.3922123563249129 3.4784744938052592 -37.275050254055614 2.7473468306537248 2.644580509824265 -38.586350119721146 3.8255782753107472 3.1720762410099668 -39.088113800960031 4.3210455089313609 3.313898885214039 -39.985826676383034 4.7339642754520641 3.4024542820246122 -43.15919767220646 5.9491161671500903 3.2902006106270534 -43.90992462135852 6.2079435681753479 2.6961946028497046 -45.881212158688804 6.8168501921360205 2.7800796259039595 -46.930218397699988 7.016667960194602
99 62.270755938956228 176.36913421616057 1.8991858014298486 61.217697897320832 173.64536862031221 1.9885472552349452 59.986637866592332 171.94693317150043 1.9978336428841439 58.808730044681312 170.86241426120628 2.0131003226310891 57.207076653557245 169.54744338965281 2.0311404161735442 55.89996747100087 168.12324830380393 2.0040015984418709 54.592670067655774 167.02934442486713 1.75672511039964 53.556863747678165 166.290273559013 1.4464402802819467 52.687009778429669 165.14899999970024 1.1461740333853108 52.260192079504726 163.75195849027008 1.054642634640202 50.930508876636807 162.77577968506597 0.95995724952221873 50.627582116209027 162.48379564598105 0.9124307251674969 48.907528390190436 160.62331128146153 0.63218005100677743 48.327710256519921 159.75478931429305 0.6463689897942253 47.163513932048751 158.55495151519446 0.40826273677753605 45.715232231103592 157.58995568078535 -0.13097453466817477 45.284090325794281 156.12187008160973 -0.67984190637889452 45.301391965185111 154.17218609915943 -1.1704109415511452 44.720072746174466 153.4352433904881 -1.559656431614886 43.494186844211171 152.19318672579436 -2.2051703183239644 43.179952599556501 151.19285172864994 -2.3942413952246837 43.51061609919617 149.20285406421993 -2.3679635957462106 43.133507431664569 147.61191528090666 -2.4150095028649727 42.706372685999632 145.92742172828105 -2.5084520557168699 41.769780186210554 144.09579015453733 -2.7837150159269792 40.433942566489307 142.2037916739236 -2.9730843431579053 39.944040147468819 141.24822942538412 -3.064650610700157 39.277853961235785 139.89437654242835 -3.1786423172689946 39.438444952642165 137.8176343893025 -3.3868078288138959 40.063366743865082 136.66214722232559 -3.4922360748833721 40.752507937798512 132.54668461356434 -3.3946677869808783 41.356743662481122 130.21062441254412 -3.1703327689617402 41.153012947540837 128.24360709162769 -3.3847630025872704 41.078468193915818 126.75153492622381 -3.5684048152010917 40.492530024704593 124.49781933679272 -4.0224390868250266 39.816435731251154 122.14671676708019 -4.5961033344894213 38.598838798991963 120.16278732765653 -5.3062660417171861 37.70928488464947 118.97264262616844 -5.8061467966149767 36.394983629259421 117.81955662574372 -6.2429082624267451 35.004907574671357 117.47544938313177 -6.6134180890858234 33.97597415180006 116.76327233438415 -6.6805100200903809 31.750307450596839 115.48715300116839 -6.6845898409262823 30.33589559875486 114.31497672752364 -6.7620696931709769 28.722378601744865 113.29609146411175 -6.9635300453173574 27.282771080732015 112.52337435335956 -6.971767034679762 25.233901879569601 111.24909348389978 -6.8396155362344295 23.099513553940643 110.09732420391636 -6.7166123700114539 21.26563185312115 108.83183122090649 -6.5840912368458975 20.58685078628999 108.12271910495977 -6.5706708413218262 20.100474674912 107.60875230248327 -6.5619384476760088 18.509571370963158 106.62868366810096 -6.6394209298591704 17.999198509377592 105.62198194968003 -6.5132141594200501 17.812929250299273 105.12051497946132 -6.4111219759254947 17.683859580380137 103.81745858915639 -6.1253681421772432 16.891088640989814 101.5963067908401 -5.939138599716169 16.671303288989602 100.03129607587314 -5.922693691140597 16.536940407714553 99.431662748645763 -5.9454691057549169 14.987560750750015 97.543142068783226 -6.0701697702340542 14.73415469999299 96.374106513551368 -5.9973542449812962 15.142088762283418 94.56520971031614 -5.6150156816544081 14.622708531177105 93.034021243588413 -5.3403590012796096 14.26042000899513 90.136151603182725 -4.9270343528108347 14.721557616381459 87.979640712679426 -4.3316419764098146 14.531720403309478 86.319879764469505 -3.8248812591628525 13.139444496984099 83.203168366034802 -3.5175570223220127 11.951495120608721 79.993820541340952 -3.2575923461326344 11.145261618342914 78.408183732560602 -3.2051256404534958 10.169107062102983 75.326244958463377 -3.0474525126100813 9.8459249109496234 74.048682119494245 -3.0151114981456137 10.001321581730938 72.427050015705916 -3.0089720358702179 10.124080252562015 71.742020644171163 -3.0181070966374319 9.5647086695227035 69.075845850487084 -3.0500065298406311 9.450609189472619 67.833664942604301 -2.9385395226464346 8.5524996720023321 65.672826463116834 -2.8276098089664039 8.3588828048835477 62.819565296959674 -2.5422536927346524 8.2989151967005732 61.697500299785197 -2.4402235160996457 8.2777798031435754 59.866069031171698 -2.2262958961040185 8.4559154306227171 57.549384468409379 -1.7980649361236356 8.2908659398940738 55.375994204071048 -1.2671994590302507 6.6677123534592297 53.739865155697871 -1.1059759576734973 7.3458380730650861 52.152849743526509 -0.81156740032439778 6.880076307145818 50.969037220761479 -0.66221657763307262 5.8931197114678735 50.134421933330778 -0.53709522025509504 4.943022946681376 49.39176092640281 -0.34025201691288193 3.3874812791055446 48.426165856869233 0.018388723878159086 2.6670035200422983 46.818433093805972 0.53000116554222487 1.3130500791877784 45.531343497910008 0.85715863848759821 -0.078493056541683759 43.423564106811746 1.3947760509736666 -1.6100507260094226 42.33327478212783 1.6042302662952461 -1.9776892898614995 41.82238061968426 1.7805431457219054 -2.6345871535575891 40.0174760693845 2.5094159840259547 -3.6704993979938818 38.625250293421274 3.283814174187023 -4.0081053436083387 38.127148727877646 3.5564676473614845 -4.7008661323983754 36.275619143266248 4.286310032977144 -5.2844311148829632 35.228282331779752 4.6617291827914284 -6.3705123955452709 34.645433496291915 4.7238828144591896 -7.2741972091587943 33.320734217775481 4.924190250739418 -7.7520580634645286 32.489672213140992 5.0970293032592284 -8.5092670598629159 31.553839500238233 5.6301254762404929
3 -1.415191464725007 13.621339990531288 2.4107885599113561 -2.7601851779668722 14.853461060623161 2.6130770703781856 -5.5624587337804172 15.848896673217908 3.5633131690980711
6 -1.415191464725007 13.621339990531288 2.4107885599113561 -1.0597263641645607 11.280674131981934 2.1764220314109379 -1.3069318407517057 10.143333173832959 1.9529111469128089 -2.0474620160159809 8.6390089438709463 1.5681643688603126 -2.8230474035753224 7.2613069295535091 1.0680664316956747 -2.7744038156512749 4.9663526274582699 0.20551448389760102
38 -1.415191464725007 13.621339990531288 2.4107885599113561 -0.81720981665724535 14.174019427204897 0.62387099692748393 -1.0677658948771225 14.936165634375897 -0.014526402283796536 -2.073509209583948 16.114328536081167 -0.79211674650477104 -2.0814599510837977 17.300818199882205 -1.1258555304874391 -1.8019602656508813 19.722081958395457 -1.6436043545399566 -2.9907461292624227 21.519141999762102 -2.151282956463143 -3.7934039085667548 22.671003557182441 -2.4614411073015576 -5.6525436053560059 24.329447335339896 -3.2305393861526426 -6.2822666077125291 25.116576545824103 -3.5263457995690506 -6.8254025184144425 26.314596170335879 -3.8819101070125375 -8.5240018653661984 28.210071301135986 -4.6059394321956324 -10.256439850801874 29.447384260966828 -5.217835346185697 -10.500536695763508 30.9448327881165 -5.7725645345979286 -10.106857031873682 33.910592292187609 -7.0051339446040677 -10.131535728674505 35.137933705390715 -7.4306437375722281 -10.319118045141595 36.536658271971454 -7.8405029935405306 -10.573599966755616 37.733842128382172 -8.269446984196513 -10.98301708413382 39.818996337272594 -9.1797701151704434 -11.982869900360489 41.26348135275007 -10.236026432994292 -12.173291322637009 41.721025078220457 -10.491807154288384 -12.05358766944271 42.603996657234042 -10.794359322958819 -11.799904313831622 43.949267356953996 -11.161385430060179 -12.247578910741725 44.850164275074341 -11.594512371449166 -12.086101435097861 46.95665174284305 -12.379976738583739 -13.502939661021776 48.562546376639524 -13.128549506254275 -14.007153417575879 49.925351168043342 -13.582116947150086 -14.547548749821983 50.760487332563457 -13.938575827135676 -14.442551330815503 52.092855677917022 -14.241814898043495 -14.631122547271616 52.880264302489564 -14.603373765606705 -15.639421330040138 53.897859161881833 -15.294755518268564 -16.865898206873847 55.561945055200724 -16.047886017282124 -18.049665253726289 57.402084052014573 -16.796926088568082 -18.649701861714675 58.815520240439376 -17.233821549259531 -19.470903121392919 60.933564606735153 -17.835539907610713 -19.860173358364939 62.784870769091199 -18.440891698056163 -20.546642203537086 63.409345237663516 -18.715767255002032 -21.60796864911681 63.445170217301573 -18.614607745899633
15 -27.952890889009335 -76.051927341533897 -0.012974585385372587 -27.024869793677997 -75.866239029456054 0.021338896530440864 -26.144444831061797 -75.553435210615334 0.035640139834090756 -25.116991512693769 -74.674420340495161 0.025604885143361455 -24.214703430489546 -73.877772947276398 0.027664061973694105 -22.706686504606129 -73.002937198211484 0.069920341801408131 -20.666283138184163 -70.968739371325313 -0.26874130100683025 -19.887342308047049 -70.190524621860092 -0.41277850396425803 -19.011270548878713 -69.420954029360388 -0.54925215077426492 -18.086275498496068 -68.591552270083625 -0.66966699262468976 -17.10214572689604 -67.451249385631414 -0.82879335649331709 -16.56850139326292 -65.767896097301687 -1.0265440525338079 -14.69029142093312 -63.9714742044535 -0.98182144932963056 -14.446508506246582 -61.713822348688808 -1.1843081296126372 -12.190129931194704 -60.724382105749022 -0.85995637815582493
11 0.27162779755636468 -38.242764756308269 0.2703937235424852 -1.0137011706749381 -39.617640329022592 0.30422859773246513 -1.100911245067566 -41.374104592619162 0.68443688170461969 -2.8791888543417072 -42.548441099043195 0.24254084673036327 -3.4337966487402967 -43.147088102961824 0.2086443568014357 -3.3928663942322146 -44.914434747569402 0.33499280905764545 -3.6431248336595385 -45.743632688197209 0.40241097435610007 -4.7500957386296836 -48.005965516435907 0.67475761841498372 -5.7962154965570676 -49.309700972105816 0.6864443230821865 -7.515020230975999 -50.169095157375786 0.42133173732287299 -8.7441961314132453 -52.383687974299974 -0.24889334117674924
47 -2.7744038156512749 4.9663526274582699 0.20551448389760102 -3.3484032632469409 6.2996959333595806 -1.061515992789301 -3.6393927266918649 7.475214432896645 -1.6527461746056502 -4.0868507362497466 8.6068534080532579 -2.2006058289173032 -4.6209213690990865 9.6013055301851047 -2.6629887032144941 -5.3340618627549308 10.716275748167234 -3.1330277244412041 -5.9280775012455642 12.944499872693546 -3.5552436526479561 -6.2422741598412106 13.290814642950226 -3.6287563373959424 -8.322094815087949 15.633526581089747 -4.0712825832580997 -9.7181403919478555 19.216001873273402 -3.8966047113012832 -11.351582985171797 20.469831483908973 -3.4183057769013137 -12.585631693176438 20.643175215752386 -3.3422045514368537 -14.208689501917963 21.062887011907623 -3.3529087483955378 -16.03729353983087 22.657952974117677 -3.6148622058941235 -17.417249151139377 23.1252112954936 -3.6923326836742558 -18.685271097833304 23.507740803875055 -3.7313675277370915 -19.549700178110388 23.82345855017374 -3.4073551733261951 -20.068134520515638 24.012710361985924 -3.1472924885701148 -21.902235496715534 25.254549898686562 -2.8004249515888722 -24.233236030014041 26.647715541111324 -2.7239632820897719 -25.979035911017188 27.288879985616177 -2.9087432797669122 -26.683325155481104 28.245859471439587 -2.984847410116295 -27.837896073804618 29.053796987352939 -3.0143444154983041 -29.228706155286826 30.29043051496329 -3.0614907853964097 -30.437101545715958 31.202880035555125 -3.1779711921679397 -30.994328534744898 32.19712450332878 -3.2025512218548671 -31.474475576146158 32.850506619357681 -3.2328745774809668 -32.59670072165413 33.21975100326781 -3.336513607052872 -34.662674095706102 32.846411055736958 -3.2234675795044203 -37.209419065970295 34.900405870317975 -2.8239879988577083 -38.446673413821387 35.955471466199697 -2.6580203901669588 -40.653535119656027 36.682742679200842 -2.5865770097098384 -41.689210237632103 36.991976791661642 -2.5811795509206141 -42.98210924301209 37.300587671353398 -2.6631709590494674 -44.275306193990218 37.983986603343915 -2.7154196563269375 -45.972504758160611 38.120009527467609 -2.6670842884008499 -47.630268855841905 38.081019593941171 -2.4515184144432132 -49.621450354672753 39.220802884270206 -2.5812295333021558 -51.60179551432428 39.623193265252276 -2.6468158366427144 -53.056693733262769 40.258153618461982 -2.6082854492564427 -54.933985178705505 40.320246698981755 -2.1920813662147163 -56.098748894092779 40.595902553519984 -2.0038435929894631 -58.044681158491663 42.291906835335439 -1.756706197295516 -60.229774905170281 42.509599988736269 -1.6817784013700283 -61.45637087799637 42.5808930566443 -1.6187643672911241 -62.690742968369413 43.300810205543208 -1.6653039574663631 -63.224952054984392 44.115980280793536 -1.1657095904391992
5 -12.190129931194704 -60.724382105749022 -0.85995637815582493 -11.260703135657126 -58.431268295620107 -0.23638059829239022 -9.6880176649503262 -56.333960881883982 0.094083307927412596 -8.8958129436536755 -54.543641206988895 0.15045170921836776 -8.7441961314132453 -52.383687974299974 -0.24889334117674924
11 -8.5092670598629159 31.553839500238233 5.6301254762404929 -7.9429281128827673 30.793965152787422 5.6886833519027933 -8.2602419943673233 28.574322498232014 5.3824621729516196 -8.3057505421160016 28.248686835838601 5.3152981373466188 -8.4588651728684123 26.724827875123932 4.8861769938547512 -7.8608313790349005 26.028740599092295 4.6721606843465917 -6.4744238438090917 24.827246442022183 4.2672627925424251 -5.6112231098315597 23.166277427530684 3.9046109348928373 -6.9453503452819385 20.446308724909848 3.5723627651835828 -6.2557686563417532 17.659376554247476 3.5259983831513728 -5.5624587337804172 15.848896673217908 3.5633131690980711
